19171 |  | 
22322 |  | 
31566 |  | 
33486 |  | 
36645 |  | 
40956 |  | 
41055 |  | 
41058 |  | 
42579 |  | 
42695 |  | 
42706 |  | 
45255 |  | 
47201 |  | 
49380 |  | 
49392 |  | 
50683 |  | 
50684 |  | 
68120 |  | 
68608 |  | 
73263 |  | 
75446 |  | 
76842 |  | 
76997 |  | 
89257 |  | 
90827 |  | 
92288 |  | 
95333 |  | 
105788 |  | 
106747 |  | 
106757 |  | 
106806 |  | 
106876 |  | 
108055 |  | 
108684 |  | 
109786 |  | 
119381 |  | 
120864 |  | 
123214 |  | 
127998 |  | 
128434 |  | 
128585 |  | 
128649 |  | 
130506 |  | 
137514 |  | 
156313 |  | 
158989 |  | 
160816 |  | 
164060 |  | 
166063 |  | 
166071 |  | 
168106 |  | 
179654 |  | 
185548 |  | 
187654 |  | 
187658 |  | 
187673 |  | 
187676 |  | 
187687 |  | 
187691 |  | 
187700 |  | 
187734 |  | 
187738 |  | 
187742 |  | 
187749 |  | 
187759 |  | 
187765 |  | 
187805 |  | 
187808 |  | 
209397 |  | 
226477 |  | 
231063 |  | 
233344 |  | 
235520 |  | 
257503 |  | 
266193 |  | 
271078 |  | 
317633 |  | 
319277 |  | 
325361 |  | 
331107 |  | 
331363 |  | 
339116 |  | 
339127 |  | 
339136 |  | 
363237 |  | 
395422 |  | 
406891 |  | 
408611 |  | 
408774 |  | 
408775 |  | 
408776 |  | 
408829 |  | 
408833 |  | 
408849 |  | 
408851 |  | 
409991 |  | 
410930 |  | 
410936 |  | 
411016 |  | 
412833 |  | 
418243 |  | 
418247 |  | 
418251 |  | 
419744 |  | 
425669 |  | 
425748 |  | 
426701 |  | 
426702 |  | 
426703 |  | 
432097 |  | 
440541 |  | 
442984 |  | 
451311 |  | 
453698 |  | 
457732 |  | 
484151 |  | 
498811 |  | 
500749 |  | 
510725 |  | 
516518 |  | 
516524 |  | 
520413 |  | 
530188 |  | 
534690 |  | 
538590 |  | 
541165 |  | 
541167 |  | 
541169 |  | 
542164 |  | 
550980 |  | 
553474 |  | 
556469 |  | 
556472 |  | 
564192 |  | 
567277 |  | 
567279 |  | 
573659 |  | 
573661 |  | 
574326 |  | 
576489 |  | 
577412 |  | 
577644 |  | 
578607 |  | 
580529 |  | 
586455 |  | 
598100 |  | 
620089 |  | 
627295 |  | 
627334 |  | 
627336 |  | 
627338 |  | 
627342 |  | 
627344 |  | 
636162 |  | 
647978 |  | 
648793 |  | 
649806 |  | 
652779 |  | 
655636 |  | 
660705 |  | 
672456 |  | 
676073 |  | 
676074 |  | 
676075 |  | 
676077 |  | 
676078 |  | 
676080 |  | 
676081 |  | 
690906 |  | 
692375 |  | 
739728 |  | 
739729 |  | 
739730 |  | 
739731 |  | 
739894 |  | 
758233 |  | 
760662 |  | 
783174 |  | 
786015 |  | 
797287 |  | 
799911 |  | 
802978 |  | 
802982 |  | 
802983 |  | 
802986 |  | 
802987 |  | 
802989 |  | 
802991 |  | 
802992 |  | 
802994 |  | 
802996 |  | 
802998 |  | 
802999 |  | 
803001 |  | 
803003 |  | 
803005 |  | 
803007 |  | 
803009 |  | 
803012 |  | 
803013 |  | 
803019 |  | 
803021 |  | 
803023 |  | 
803025 |  | 
803026 |  | 
803028 |  | 
803032 |  | 
803037 |  | 
803038 |  | 
803042 |  | 
803045 |  | 
803046 |  | 
803048 |  | 
803050 |  | 
803052 |  | 
803053 |  | 
806277 |  | 
812364 |  | 
812369 |  | 
812371 |  | 
812373 |  | 
812375 |  | 
812378 |  | 
812383 |  | 
812388 |  | 
812392 |  | 
812394 |  | 
840343 |  | 
853503 |  | 
860587 |  | 
870641 |  | 
871162 |  | 
871305 |  | 
871723 |  | 
903498 |  | 
908537 |  | 
931243 |  | 
932573 |  | 
974746 |  | 
981533 |  | 
983976 |  | 
