12098 | 16385 | 
12099 | 16385 | 
37851 | 24579 | 
37852 | 24579 | 
12108 | 16388 | 
12109 | 16388 | 
12110 | 16389 | 
12111 | 16389 | 
12112 | 16390 | 
12113 | 16390 | 
12114 | 16390 | 
12115 | 16390 | 
12116 | 16390 | 
12117 | 16390 | 
12118 | 16390 | 
12119 | 16390 | 
12120 | 16390 | 
12121 | 16390 | 
12122 | 16390 | 
12123 | 16390 | 
12124 | 16390 | 
12125 | 16390 | 
12126 | 16390 | 
12127 | 16390 | 
37861 | 24581 | 
37862 | 24581 | 
12130 | 16392 | 
12131 | 16392 | 
12132 | 16393 | 
12133 | 16393 | 
37867 | 24583 | 
37868 | 24583 | 
12142 | 16395 | 
12143 | 16395 | 
37873 | 24585 | 
37874 | 24585 | 
37879 | 24587 | 
37880 | 24587 | 
37881 | 24588 | 
37882 | 24588 | 
37893 | 24591 | 
37894 | 24591 | 
37895 | 24592 | 
37896 | 24592 | 
12181 | 16403 | 
12182 | 16403 | 
37907 | 24595 | 
37908 | 24595 | 
12205 | 16409 | 
12206 | 16409 | 
12207 | 16410 | 
12208 | 16410 | 
37931 | 24602 | 
37932 | 24602 | 
12211 | 16412 | 
12212 | 16412 | 
37933 | 24603 | 
37934 | 24603 | 
37937 | 24605 | 
37938 | 24605 | 
12217 | 16415 | 
12218 | 16415 | 
12219 | 16416 | 
12220 | 16416 | 
12221 | 16417 | 
12222 | 16417 | 
37949 | 24609 | 
37950 | 24609 | 
67960 | 32801 | 
67961 | 32801 | 
12239 | 16420 | 
12240 | 16420 | 
12241 | 16421 | 
12242 | 16421 | 
12251 | 16423 | 
12252 | 16423 | 
12253 | 16424 | 
12254 | 16424 | 
37975 | 24615 | 
37976 | 24615 | 
37987 | 24617 | 
37988 | 24617 | 
37993 | 24619 | 
37994 | 24619 | 
67971 | 32809 | 
38011 | 24624 | 
38012 | 24624 | 
38013 | 24625 | 
38014 | 24625 | 
12327 | 16434 | 
12328 | 16434 | 
38021 | 24628 | 
38022 | 24628 | 
38053 | 24636 | 
38054 | 24636 | 
38055 | 24636 | 
38060 | 24639 | 
38061 | 24639 | 
38062 | 24640 | 
38063 | 24640 | 
38064 | 24641 | 
38065 | 24641 | 
38076 | 24645 | 
38077 | 24645 | 
38082 | 24648 | 
38083 | 24648 | 
12377 | 16457 | 
12378 | 16457 | 
38094 | 24652 | 
38095 | 24652 | 
12425 | 16476 | 
12426 | 16476 | 
38190 | 24671 | 
38191 | 24671 | 
38192 | 24672 | 
38193 | 24672 | 
38194 | 24673 | 
38195 | 24673 | 
38208 | 24678 | 
38209 | 24678 | 
38212 | 24680 | 
38213 | 24680 | 
38234 | 24685 | 
38269 | 24697 | 
38270 | 24697 | 
38271 | 24698 | 
38272 | 24698 | 
38273 | 24698 | 
38274 | 24698 | 
38296 | 24702 | 
38297 | 24702 | 
38300 | 24704 | 
38301 | 24704 | 
38310 | 24707 | 
38311 | 24707 | 
38312 | 24708 | 
38313 | 24708 | 
38314 | 24709 | 
38315 | 24709 | 
38316 | 24710 | 
38317 | 24710 | 
38364 | 24721 | 
38365 | 24721 | 
38366 | 24722 | 
38367 | 24722 | 
38368 | 24723 | 
38369 | 24723 | 
38374 | 24725 | 
38375 | 24725 | 
38376 | 24725 | 
38377 | 24725 | 
38412 | 24732 | 
38413 | 24732 | 
38426 | 24738 | 
38427 | 24738 | 
38440 | 24742 | 
38441 | 24742 | 
68336 | 32938 | 
68337 | 32938 | 
68338 | 32938 | 
68339 | 32938 | 
38506 | 24758 | 
38507 | 24758 | 
38526 | 24761 | 
38527 | 24761 | 
38528 | 24762 | 
38529 | 24762 | 
38532 | 24764 | 
38533 | 24764 | 
38534 | 24765 | 
38535 | 24765 | 
38536 | 24766 | 
38537 | 24766 | 
38540 | 24768 | 
38541 | 24768 | 
38554 | 24774 | 
38555 | 24774 | 
38556 | 24774 | 
38557 | 24774 | 
38558 | 24774 | 
38559 | 24774 | 
38560 | 24774 | 
38561 | 24774 | 
38586 | 24780 | 
38587 | 24780 | 
68441 | 32975 | 
68442 | 32975 | 
38606 | 24786 | 
38607 | 24786 | 
38616 | 24788 | 
38617 | 24788 | 
38630 | 24793 | 
38631 | 24793 | 
38647 | 24800 | 
38648 | 24800 | 
38655 | 24804 | 
38656 | 24804 | 
38657 | 24805 | 
38658 | 24805 | 
38663 | 24808 | 
38664 | 24808 | 
12755 | 16617 | 
12756 | 16617 | 
38665 | 24809 | 
38666 | 24809 | 
38669 | 24811 | 
38670 | 24811 | 
38679 | 24813 | 
38680 | 24814 | 
38681 | 24814 | 
38710 | 24820 | 
38711 | 24820 | 
38716 | 24823 | 
38717 | 24823 | 
38736 | 24830 | 
38737 | 24830 | 
38750 | 24834 | 
38751 | 24834 | 
38770 | 24840 | 
38771 | 24840 | 
38805 | 24850 | 
38806 | 24850 | 
38827 | 24855 | 
38828 | 24855 | 
38829 | 24856 | 
38830 | 24856 | 
38831 | 24857 | 
38832 | 24857 | 
38837 | 24860 | 
38838 | 24860 | 
38841 | 24862 | 
38842 | 24862 | 
38843 | 24863 | 
38844 | 24863 | 
38853 | 24868 | 
38854 | 24868 | 
38877 | 24873 | 
38878 | 24873 | 
38919 | 24881 | 
38920 | 24881 | 
38921 | 24881 | 
38922 | 24881 | 
12923 | 16690 | 
12924 | 16690 | 
38970 | 24893 | 
38971 | 24893 | 
38972 | 24894 | 
38973 | 24894 | 
38974 | 24895 | 
38975 | 24895 | 
38976 | 24895 | 
38977 | 24895 | 
38984 | 24898 | 
38985 | 24898 | 
38986 | 24898 | 
38987 | 24898 | 
38988 | 24898 | 
38989 | 24898 | 
38990 | 24898 | 
38991 | 24898 | 
38994 | 24900 | 
38995 | 24900 | 
39004 | 24902 | 
39005 | 24902 | 
39026 | 24909 | 
39027 | 24909 | 
39084 | 24921 | 
39085 | 24921 | 
13015 | 16730 | 
13016 | 16730 | 
13017 | 16730 | 
13018 | 16730 | 
39092 | 24923 | 
39093 | 24923 | 
39094 | 24924 | 
39095 | 24924 | 
39096 | 24925 | 
39097 | 24925 | 
68800 | 33121 | 
68801 | 33121 | 
68802 | 33121 | 
39124 | 24931 | 
39125 | 24931 | 
68807 | 33124 | 
68808 | 33124 | 
68809 | 33124 | 
39142 | 24933 | 
39143 | 24933 | 
68811 | 33126 | 
39146 | 24935 | 
39147 | 24935 | 
39168 | 24940 | 
39169 | 24940 | 
39184 | 24946 | 
39185 | 24946 | 
39186 | 24947 | 
39187 | 24947 | 
39192 | 24950 | 
39193 | 24950 | 
39194 | 24950 | 
39195 | 24950 | 
39212 | 24955 | 
39213 | 24955 | 
39274 | 24970 | 
39275 | 24970 | 
39284 | 24972 | 
39285 | 24972 | 
39300 | 24976 | 
39301 | 24976 | 
39302 | 24976 | 
39303 | 24976 | 
39304 | 24977 | 
39305 | 24977 | 
39311 | 24980 | 
39312 | 24980 | 
39359 | 24993 | 
39360 | 24993 | 
39369 | 24995 | 
39370 | 24995 | 
39375 | 24997 | 
39376 | 24997 | 
39393 | 25004 | 
39394 | 25004 | 
39395 | 25004 | 
39396 | 25004 | 
39399 | 25006 | 
39400 | 25006 | 
39417 | 25012 | 
39418 | 25012 | 
39419 | 25012 | 
39420 | 25012 | 
39421 | 25012 | 
39422 | 25012 | 
39423 | 25012 | 
39424 | 25012 | 
39425 | 25012 | 
39426 | 25012 | 
39427 | 25013 | 
39428 | 25013 | 
39447 | 25020 | 
39448 | 25020 | 
39453 | 25022 | 
39454 | 25022 | 
39459 | 25024 | 
39460 | 25024 | 
69078 | 33222 | 
69079 | 33222 | 
69080 | 33222 | 
39489 | 25031 | 
39490 | 25031 | 
39515 | 25041 | 
39516 | 25041 | 
39531 | 25047 | 
39532 | 25047 | 
39533 | 25048 | 
39534 | 25048 | 
39553 | 25055 | 
39554 | 25055 | 
13320 | 16864 | 
13321 | 16864 | 
39568 | 25061 | 
39569 | 25061 | 
39586 | 25067 | 
39587 | 25067 | 
13354 | 16877 | 
13355 | 16877 | 
39612 | 25075 | 
39613 | 25075 | 
39614 | 25076 | 
39615 | 25076 | 
39616 | 25076 | 
39617 | 25076 | 
39618 | 25076 | 
39619 | 25076 | 
39620 | 25076 | 
39621 | 25076 | 
39666 | 25091 | 
39667 | 25091 | 
39672 | 25094 | 
39673 | 25094 | 
39702 | 25102 | 
39703 | 25102 | 
39704 | 25103 | 
39728 | 25114 | 
39729 | 25114 | 
39730 | 25115 | 
39731 | 25115 | 
39736 | 25118 | 
39737 | 25118 | 
69446 | 33312 | 
69447 | 33312 | 
69448 | 33312 | 
69449 | 33312 | 
69450 | 33313 | 
69451 | 33313 | 
69452 | 33313 | 
69453 | 33313 | 
69454 | 33313 | 
39756 | 25124 | 
39757 | 25124 | 
69471 | 33317 | 
69472 | 33317 | 
69484 | 33320 | 
69485 | 33320 | 
69486 | 33320 | 
69487 | 33320 | 
69488 | 33320 | 
69489 | 33320 | 
69490 | 33320 | 
39784 | 25129 | 
39785 | 25129 | 
69491 | 33321 | 
69492 | 33321 | 
69493 | 33321 | 
39826 | 25139 | 
39827 | 25139 | 
39828 | 25139 | 
39829 | 25139 | 
39830 | 25139 | 
39831 | 25139 | 
39832 | 25139 | 
39853 | 25146 | 
39854 | 25146 | 
39863 | 25148 | 
39864 | 25148 | 
69563 | 33341 | 
69564 | 33341 | 
69565 | 33341 | 
39877 | 25151 | 
39878 | 25151 | 
69575 | 33344 | 
69576 | 33344 | 
69577 | 33344 | 
69578 | 33344 | 
69579 | 33344 | 
13570 | 16961 | 
13571 | 16961 | 
39887 | 25153 | 
39888 | 25153 | 
39889 | 25154 | 
39890 | 25154 | 
69580 | 33345 | 
69581 | 33345 | 
69582 | 33345 | 
69601 | 33347 | 
69602 | 33347 | 
69603 | 33347 | 
69604 | 33347 | 
39907 | 25159 | 
39908 | 25159 | 
39913 | 25161 | 
39914 | 25161 | 
39931 | 25169 | 
39932 | 25169 | 
39943 | 25174 | 
39944 | 25174 | 
69666 | 33368 | 
69667 | 33368 | 
69668 | 33368 | 
69669 | 33368 | 
69670 | 33368 | 
69671 | 33368 | 
39987 | 25177 | 
39988 | 25177 | 
40005 | 25182 | 
40006 | 25182 | 
13642 | 16992 | 
13643 | 16992 | 
40013 | 25185 | 
40014 | 25185 | 
69699 | 33376 | 
40019 | 25188 | 
40020 | 25188 | 
40033 | 25192 | 
40034 | 25192 | 
40055 | 25199 | 
40056 | 25199 | 
40057 | 25200 | 
40058 | 25200 | 
40103 | 25207 | 
40104 | 25207 | 
13718 | 17020 | 
13719 | 17020 | 
69784 | 33408 | 
69785 | 33408 | 
69786 | 33408 | 
69787 | 33408 | 
69788 | 33408 | 
69789 | 33408 | 
69790 | 33408 | 
69791 | 33408 | 
40183 | 25218 | 
40184 | 25218 | 
40185 | 25218 | 
40186 | 25218 | 
40217 | 25224 | 
40218 | 25224 | 
40245 | 25231 | 
40246 | 25231 | 
40261 | 25236 | 
40262 | 25236 | 
40265 | 25238 | 
40266 | 25238 | 
13814 | 17064 | 
13815 | 17064 | 
69919 | 33450 | 
40331 | 25260 | 
40332 | 25260 | 
40341 | 25265 | 
40342 | 25265 | 
40343 | 25266 | 
40344 | 25266 | 
40351 | 25269 | 
40352 | 25269 | 
40369 | 25274 | 
40370 | 25274 | 
40391 | 25280 | 
40392 | 25280 | 
40405 | 25286 | 
40406 | 25286 | 
40452 | 25298 | 
40453 | 25298 | 
40454 | 25298 | 
40455 | 25298 | 
40456 | 25298 | 
13924 | 17108 | 
13925 | 17108 | 
13926 | 17109 | 
13927 | 17109 | 
40459 | 25300 | 
40460 | 25300 | 
40461 | 25300 | 
40462 | 25300 | 
40465 | 25302 | 
40466 | 25302 | 
37809 | 24568 | 
37810 | 24568 | 
40470 | 25304 | 
40471 | 25304 | 
40480 | 25308 | 
40481 | 25308 | 
40516 | 25319 | 
70140 | 33514 | 
70141 | 33514 | 
70142 | 33514 | 
70143 | 33514 | 
70144 | 33514 | 
70145 | 33514 | 
70146 | 33515 | 
70147 | 33515 | 
70148 | 33515 | 
70149 | 33515 | 
70150 | 33515 | 
40533 | 25324 | 
40534 | 25324 | 
40537 | 25326 | 
40538 | 25326 | 
40543 | 25329 | 
40544 | 25329 | 
14008 | 17145 | 
14009 | 17145 | 
14010 | 17145 | 
14011 | 17145 | 
14012 | 17146 | 
14013 | 17146 | 
14014 | 17146 | 
14015 | 17146 | 
14016 | 17147 | 
14017 | 17147 | 
70214 | 33531 | 
70215 | 33531 | 
70216 | 33531 | 
70217 | 33531 | 
70223 | 33533 | 
70224 | 33533 | 
70225 | 33533 | 
70226 | 33533 | 
40611 | 25342 | 
40646 | 25351 | 
40647 | 25351 | 
40656 | 25353 | 
40657 | 25353 | 
40662 | 25356 | 
40663 | 25356 | 
40666 | 25358 | 
40667 | 25358 | 
40670 | 25360 | 
40671 | 25360 | 
70287 | 33552 | 
70288 | 33552 | 
40677 | 25363 | 
40678 | 25363 | 
40679 | 25364 | 
40680 | 25364 | 
40707 | 25373 | 
40708 | 25373 | 
40709 | 25374 | 
40710 | 25374 | 
40711 | 25374 | 
40712 | 25374 | 
40713 | 25374 | 
40714 | 25374 | 
40715 | 25374 | 
40716 | 25374 | 
40717 | 25374 | 
40718 | 25374 | 
40719 | 25374 | 
40720 | 25374 | 
40721 | 25374 | 
40722 | 25374 | 
40723 | 25374 | 
40724 | 25374 | 
70324 | 33569 | 
70325 | 33569 | 
70330 | 33572 | 
70331 | 33572 | 
40741 | 25381 | 
40742 | 25381 | 
70382 | 33579 | 
70412 | 33585 | 
40780 | 25395 | 
40781 | 25395 | 
70443 | 33596 | 
40809 | 25407 | 
40810 | 25407 | 
40811 | 25407 | 
40812 | 25407 | 
40819 | 25409 | 
40820 | 25409 | 
40839 | 25415 | 
40840 | 25415 | 
14284 | 17227 | 
14285 | 17227 | 
40859 | 25422 | 
40860 | 25422 | 
40903 | 25432 | 
40904 | 25432 | 
40907 | 25434 | 
40908 | 25434 | 
70604 | 33631 | 
70605 | 33631 | 
14358 | 17249 | 
14359 | 17249 | 
40944 | 25444 | 
40945 | 25444 | 
70625 | 33638 | 
70626 | 33638 | 
14371 | 17255 | 
14372 | 17255 | 
40954 | 25447 | 
40955 | 25447 | 
40956 | 25447 | 
40957 | 25447 | 
40958 | 25447 | 
40959 | 25447 | 
70653 | 33642 | 
40992 | 25455 | 
40993 | 25455 | 
40998 | 25457 | 
40999 | 25457 | 
41000 | 25458 | 
41001 | 25458 | 
70733 | 33654 | 
41028 | 25467 | 
41029 | 25467 | 
41050 | 25475 | 
41051 | 25475 | 
41070 | 25479 | 
41071 | 25479 | 
41074 | 25481 | 
41075 | 25481 | 
41100 | 25487 | 
41101 | 25487 | 
70867 | 33685 | 
70868 | 33685 | 
70890 | 33687 | 
14518 | 17307 | 
14519 | 17307 | 
41162 | 25504 | 
41163 | 25504 | 
41166 | 25506 | 
41167 | 25506 | 
41188 | 25512 | 
41189 | 25512 | 
14568 | 17323 | 
14569 | 17323 | 
14570 | 17324 | 
14571 | 17324 | 
14572 | 17325 | 
14573 | 17325 | 
41196 | 25515 | 
41197 | 25515 | 
41220 | 25522 | 
41221 | 25522 | 
41226 | 25524 | 
41227 | 25524 | 
41228 | 25525 | 
41229 | 25525 | 
41234 | 25527 | 
41235 | 25527 | 
41250 | 25531 | 
41251 | 25531 | 
14614 | 17342 | 
14615 | 17342 | 
41263 | 25535 | 
41264 | 25535 | 
41267 | 25537 | 
41268 | 25537 | 
14634 | 17348 | 
14635 | 17348 | 
41317 | 25547 | 
41318 | 25547 | 
14664 | 17359 | 
14665 | 17359 | 
41331 | 25552 | 
41332 | 25552 | 
41376 | 25567 | 
14708 | 17376 | 
14709 | 17376 | 
41405 | 25575 | 
41406 | 25575 | 
41407 | 25576 | 
41408 | 25576 | 
14736 | 17385 | 
14737 | 17385 | 
14738 | 17386 | 
14739 | 17386 | 
41443 | 25583 | 
41444 | 25583 | 
14758 | 17392 | 
14759 | 17392 | 
14760 | 17393 | 
14761 | 17393 | 
14764 | 17395 | 
14765 | 17395 | 
41451 | 25587 | 
41452 | 25587 | 
41453 | 25588 | 
41454 | 25588 | 
41457 | 25590 | 
41458 | 25590 | 
41461 | 25592 | 
41462 | 25592 | 
41491 | 25598 | 
41492 | 25598 | 
71286 | 33795 | 
41578 | 25619 | 
41579 | 25619 | 
41614 | 25624 | 
41615 | 25624 | 
41616 | 25625 | 
41617 | 25625 | 
41620 | 25627 | 
41621 | 25627 | 
41634 | 25630 | 
41635 | 25630 | 
71441 | 33825 | 
71442 | 33825 | 
41642 | 25634 | 
41643 | 25634 | 
14898 | 17452 | 
14899 | 17452 | 
41710 | 25646 | 
41711 | 25646 | 
41712 | 25647 | 
41713 | 25647 | 
41714 | 25647 | 
41715 | 25647 | 
41724 | 25649 | 
41725 | 25649 | 
41735 | 25653 | 
41736 | 25653 | 
71558 | 33846 | 
41743 | 25657 | 
41744 | 25657 | 
14962 | 17476 | 
14963 | 17476 | 
41784 | 25670 | 
41785 | 25670 | 
41804 | 25674 | 
41805 | 25674 | 
15002 | 17491 | 
15003 | 17491 | 
41844 | 25684 | 
41845 | 25684 | 
15014 | 17496 | 
15015 | 17496 | 
15016 | 17497 | 
15017 | 17497 | 
15018 | 17498 | 
15019 | 17498 | 
41866 | 25690 | 
41867 | 25690 | 
41868 | 25691 | 
41869 | 25691 | 
15024 | 17501 | 
15025 | 17501 | 
41888 | 25694 | 
41889 | 25694 | 
41896 | 25697 | 
41897 | 25697 | 
41900 | 25699 | 
41901 | 25699 | 
41912 | 25704 | 
41913 | 25704 | 
41916 | 25706 | 
41917 | 25706 | 
41922 | 25709 | 
15108 | 17538 | 
15109 | 17538 | 
42012 | 25731 | 
42013 | 25731 | 
15122 | 17542 | 
15123 | 17542 | 
42036 | 25740 | 
42037 | 25740 | 
15138 | 17550 | 
15139 | 17550 | 
15140 | 17551 | 
15141 | 17551 | 
42040 | 25742 | 
42041 | 25742 | 
42074 | 25745 | 
42075 | 25745 | 
42090 | 25750 | 
42091 | 25750 | 
42092 | 25750 | 
42093 | 25750 | 
42094 | 25750 | 
42095 | 25750 | 
42096 | 25751 | 
42097 | 25751 | 
42125 | 25757 | 
42126 | 25757 | 
42127 | 25758 | 
42128 | 25758 | 
42129 | 25759 | 
42130 | 25759 | 
71904 | 33953 | 
71905 | 33953 | 
15204 | 17571 | 
15205 | 17571 | 
15206 | 17572 | 
15207 | 17572 | 
42141 | 25763 | 
42142 | 25763 | 
42143 | 25763 | 
42144 | 25763 | 
15232 | 17580 | 
15233 | 17580 | 
42183 | 25778 | 
42184 | 25778 | 
42189 | 25780 | 
42190 | 25780 | 
42211 | 25787 | 
42212 | 25787 | 
15266 | 17597 | 
15267 | 17597 | 
15324 | 17609 | 
15325 | 17609 | 
15346 | 17616 | 
15347 | 17616 | 
15348 | 17617 | 
15349 | 17617 | 
42300 | 25815 | 
42301 | 25815 | 
42310 | 25819 | 
42311 | 25819 | 
15394 | 17629 | 
15395 | 17629 | 
42320 | 25821 | 
42321 | 25821 | 
42336 | 25827 | 
42337 | 25827 | 
42370 | 25837 | 
42371 | 25837 | 
42372 | 25838 | 
42373 | 25838 | 
42374 | 25839 | 
42375 | 25839 | 
42429 | 25847 | 
42430 | 25847 | 
15462 | 17656 | 
15463 | 17656 | 
42431 | 25848 | 
42432 | 25848 | 
42461 | 25855 | 
42462 | 25855 | 
42499 | 25861 | 
42500 | 25861 | 
42501 | 25861 | 
42502 | 25861 | 
42503 | 25861 | 
42504 | 25861 | 
42533 | 25868 | 
42534 | 25868 | 
42555 | 25875 | 
42556 | 25875 | 
42557 | 25876 | 
42558 | 25876 | 
42573 | 25879 | 
42574 | 25879 | 
72192 | 34071 | 
72193 | 34071 | 
72194 | 34071 | 
72195 | 34071 | 
15534 | 17689 | 
15535 | 17689 | 
42591 | 25885 | 
42592 | 25885 | 
15558 | 17695 | 
15559 | 17695 | 
15560 | 17695 | 
15561 | 17695 | 
15562 | 17696 | 
15563 | 17696 | 
42601 | 25889 | 
42602 | 25889 | 
42603 | 25889 | 
42604 | 25889 | 
42605 | 25889 | 
42606 | 25889 | 
42607 | 25889 | 
42608 | 25889 | 
42609 | 25889 | 
42610 | 25889 | 
42611 | 25889 | 
42612 | 25889 | 
15582 | 17702 | 
15583 | 17702 | 
42623 | 25894 | 
42624 | 25894 | 
42635 | 25899 | 
42636 | 25899 | 
15600 | 17710 | 
15601 | 17710 | 
42643 | 25902 | 
42644 | 25902 | 
15610 | 17714 | 
15611 | 17714 | 
42677 | 25908 | 
42678 | 25908 | 
15618 | 17717 | 
15619 | 17717 | 
72329 | 34101 | 
72330 | 34101 | 
15638 | 17721 | 
15639 | 17721 | 
42703 | 25915 | 
42704 | 25915 | 
42713 | 25917 | 
42714 | 25917 | 
15652 | 17727 | 
15653 | 17727 | 
72375 | 34113 | 
72376 | 34114 | 
72377 | 34115 | 
15682 | 17732 | 
15683 | 17732 | 
72378 | 34116 | 
72379 | 34117 | 
42755 | 25929 | 
42756 | 25929 | 
72390 | 34123 | 
15706 | 17741 | 
15707 | 17741 | 
15718 | 17744 | 
15719 | 17744 | 
15720 | 17745 | 
15721 | 17745 | 
15724 | 17747 | 
15725 | 17747 | 
15748 | 17757 | 
15749 | 17757 | 
72427 | 34145 | 
42848 | 25956 | 
42849 | 25956 | 
42850 | 25956 | 
42851 | 25956 | 
42852 | 25956 | 
42853 | 25956 | 
42854 | 25956 | 
42855 | 25956 | 
42856 | 25956 | 
42857 | 25956 | 
42858 | 25956 | 
42859 | 25956 | 
15786 | 17770 | 
15787 | 17770 | 
42874 | 25963 | 
42875 | 25963 | 
15808 | 17777 | 
15809 | 17777 | 
42900 | 25969 | 
42901 | 25969 | 
42906 | 25971 | 
42907 | 25971 | 
15814 | 17780 | 
15815 | 17780 | 
42919 | 25977 | 
42920 | 25977 | 
42935 | 25982 | 
42936 | 25982 | 
15870 | 17794 | 
15871 | 17794 | 
42953 | 25987 | 
42954 | 25987 | 
42963 | 25989 | 
42964 | 25989 | 
42983 | 25993 | 
42984 | 25993 | 
43023 | 26003 | 
43024 | 26003 | 
43034 | 26007 | 
43035 | 26007 | 
43038 | 26009 | 
43039 | 26009 | 
15934 | 17821 | 
15935 | 17821 | 
43052 | 26014 | 
43053 | 26014 | 
43062 | 26018 | 
43063 | 26018 | 
43064 | 26019 | 
43065 | 26019 | 
43066 | 26019 | 
43067 | 26019 | 
43068 | 26019 | 
43069 | 26020 | 
43070 | 26020 | 
43079 | 26022 | 
43080 | 26022 | 
43101 | 26026 | 
43102 | 26026 | 
43105 | 26028 | 
43106 | 26028 | 
15982 | 17840 | 
15983 | 17840 | 
15996 | 17846 | 
15997 | 17846 | 
43197 | 26038 | 
43198 | 26038 | 
43201 | 26040 | 
43202 | 26040 | 
43205 | 26042 | 
43206 | 26042 | 
43207 | 26043 | 
43208 | 26043 | 
43225 | 26047 | 
43226 | 26047 | 
43239 | 26052 | 
43240 | 26052 | 
16058 | 17864 | 
16059 | 17864 | 
16060 | 17864 | 
16061 | 17864 | 
16062 | 17864 | 
16063 | 17864 | 
16064 | 17864 | 
16065 | 17864 | 
16066 | 17864 | 
16067 | 17864 | 
16068 | 17864 | 
16069 | 17864 | 
16070 | 17864 | 
16071 | 17864 | 
16072 | 17864 | 
16073 | 17864 | 
16074 | 17864 | 
16075 | 17864 | 
16076 | 17864 | 
16077 | 17864 | 
16078 | 17864 | 
16079 | 17864 | 
16080 | 17864 | 
16081 | 17864 | 
16082 | 17864 | 
16083 | 17864 | 
16084 | 17864 | 
16085 | 17864 | 
16086 | 17864 | 
16087 | 17864 | 
16088 | 17864 | 
16089 | 17864 | 
16090 | 17864 | 
16091 | 17864 | 
16092 | 17864 | 
16093 | 17864 | 
43282 | 26065 | 
43283 | 26065 | 
16116 | 17876 | 
16117 | 17876 | 
16118 | 17877 | 
16119 | 17877 | 
43288 | 26068 | 
16122 | 17879 | 
16123 | 17879 | 
16124 | 17880 | 
16125 | 17880 | 
16126 | 17881 | 
16127 | 17881 | 
16128 | 17882 | 
16129 | 17882 | 
16156 | 17888 | 
16157 | 17888 | 
43387 | 26082 | 
43388 | 26082 | 
16164 | 17891 | 
16165 | 17891 | 
72796 | 34274 | 
72803 | 34277 | 
43427 | 26090 | 
43428 | 26090 | 
16182 | 17900 | 
16183 | 17900 | 
16184 | 17901 | 
16185 | 17901 | 
16186 | 17902 | 
16187 | 17902 | 
16188 | 17903 | 
16189 | 17903 | 
43435 | 26093 | 
43436 | 26093 | 
16194 | 17905 | 
16195 | 17905 | 
16208 | 17908 | 
16209 | 17908 | 
72867 | 34292 | 
16226 | 17913 | 
16227 | 17913 | 
16228 | 17914 | 
16229 | 17914 | 
16242 | 17917 | 
16243 | 17917 | 
43511 | 26115 | 
43512 | 26115 | 
43526 | 26120 | 
43527 | 26120 | 
43530 | 26122 | 
43531 | 26122 | 
72940 | 34317 | 
43562 | 26130 | 
43563 | 26130 | 
16312 | 17941 | 
16313 | 17941 | 
16314 | 17941 | 
16315 | 17941 | 
16316 | 17941 | 
16317 | 17941 | 
16318 | 17941 | 
16319 | 17941 | 
16320 | 17941 | 
16321 | 17941 | 
16322 | 17941 | 
16323 | 17941 | 
16324 | 17941 | 
16325 | 17941 | 
16326 | 17941 | 
16327 | 17941 | 
43570 | 26133 | 
43571 | 26133 | 
16336 | 17943 | 
16337 | 17943 | 
16340 | 17945 | 
16341 | 17945 | 
43616 | 26139 | 
43617 | 26139 | 
73027 | 34337 | 
73028 | 34337 | 
73032 | 34340 | 
73033 | 34340 | 
16374 | 17959 | 
16375 | 17959 | 
16382 | 17963 | 
16383 | 17963 | 
16384 | 17964 | 
16385 | 17964 | 
16388 | 17966 | 
16389 | 17966 | 
43712 | 26160 | 
43713 | 26160 | 
16412 | 17977 | 
16413 | 17977 | 
43771 | 26172 | 
43772 | 26172 | 
16424 | 17982 | 
16425 | 17982 | 
16426 | 17983 | 
16427 | 17983 | 
43777 | 26174 | 
43778 | 26174 | 
43807 | 26179 | 
43808 | 26179 | 
16442 | 17989 | 
16443 | 17989 | 
43824 | 26185 | 
43825 | 26185 | 
73139 | 34378 | 
43830 | 26187 | 
43831 | 26187 | 
73140 | 34379 | 
73141 | 34379 | 
73142 | 34380 | 
73143 | 34380 | 
43860 | 26192 | 
43861 | 26192 | 
73159 | 34388 | 
73160 | 34388 | 
73178 | 34394 | 
73179 | 34394 | 
73180 | 34395 | 
73181 | 34395 | 
16520 | 18013 | 
16521 | 18013 | 
16524 | 18015 | 
16525 | 18015 | 
73204 | 34402 | 
73205 | 34402 | 
43924 | 26211 | 
43925 | 26211 | 
73225 | 34407 | 
73226 | 34407 | 
43940 | 26217 | 
43941 | 26217 | 
73229 | 34409 | 
73230 | 34409 | 
43950 | 26221 | 
43951 | 26221 | 
16562 | 18030 | 
16563 | 18030 | 
43952 | 26222 | 
43953 | 26222 | 
73241 | 34415 | 
73242 | 34415 | 
16576 | 18035 | 
16577 | 18035 | 
16578 | 18036 | 
16579 | 18036 | 
73256 | 34421 | 
73257 | 34421 | 
73263 | 34424 | 
73264 | 34424 | 
44000 | 26234 | 
44001 | 26234 | 
44018 | 26240 | 
44019 | 26240 | 
44020 | 26241 | 
44021 | 26241 | 
73319 | 34435 | 
73320 | 34435 | 
44042 | 26245 | 
44043 | 26245 | 
73339 | 34440 | 
73340 | 34440 | 
44060 | 26253 | 
44061 | 26253 | 
44062 | 26253 | 
44063 | 26253 | 
44064 | 26253 | 
44065 | 26253 | 
73353 | 34448 | 
73354 | 34448 | 
16694 | 18069 | 
16695 | 18069 | 
16700 | 18071 | 
16701 | 18071 | 
16702 | 18072 | 
16703 | 18072 | 
73382 | 34457 | 
73383 | 34457 | 
73389 | 34459 | 
73390 | 34459 | 
73391 | 34460 | 
73392 | 34460 | 
16714 | 18078 | 
16715 | 18078 | 
73428 | 34466 | 
73429 | 34466 | 
44136 | 26278 | 
44137 | 26278 | 
44138 | 26278 | 
44139 | 26278 | 
44140 | 26278 | 
44141 | 26278 | 
44158 | 26281 | 
44159 | 26281 | 
16758 | 18093 | 
16759 | 18093 | 
73481 | 34478 | 
73482 | 34478 | 
44178 | 26287 | 
16766 | 18096 | 
16767 | 18096 | 
73483 | 34479 | 
73484 | 34479 | 
73512 | 34486 | 
73513 | 34486 | 
73514 | 34487 | 
73515 | 34487 | 
73520 | 34489 | 
73521 | 34489 | 
44227 | 26298 | 
44228 | 26298 | 
16818 | 18109 | 
16819 | 18109 | 
16820 | 18110 | 
16821 | 18110 | 
73560 | 34495 | 
73570 | 34499 | 
73571 | 34499 | 
44305 | 26311 | 
44306 | 26311 | 
44307 | 26312 | 
44308 | 26312 | 
44309 | 26313 | 
44310 | 26313 | 
73592 | 34507 | 
73593 | 34507 | 
73594 | 34507 | 
73595 | 34508 | 
73596 | 34508 | 
44328 | 26317 | 
44329 | 26317 | 
44330 | 26317 | 
44331 | 26317 | 
44332 | 26317 | 
44333 | 26317 | 
44334 | 26318 | 
44335 | 26318 | 
73598 | 34510 | 
73599 | 34510 | 
44348 | 26320 | 
44349 | 26320 | 
44350 | 26321 | 
44351 | 26321 | 
16888 | 18131 | 
16889 | 18131 | 
16890 | 18132 | 
16891 | 18132 | 
16892 | 18133 | 
16893 | 18133 | 
16894 | 18134 | 
16895 | 18134 | 
16896 | 18135 | 
16897 | 18135 | 
44378 | 26324 | 
44379 | 26324 | 
44380 | 26325 | 
44381 | 26325 | 
44382 | 26326 | 
44383 | 26326 | 
44384 | 26327 | 
44385 | 26327 | 
44404 | 26332 | 
44405 | 26332 | 
73606 | 34517 | 
73607 | 34517 | 
73608 | 34518 | 
73609 | 34518 | 
73610 | 34518 | 
73611 | 34518 | 
73612 | 34518 | 
73613 | 34518 | 
73614 | 34518 | 
73615 | 34518 | 
73616 | 34518 | 
73617 | 34518 | 
73618 | 34519 | 
73619 | 34519 | 
73620 | 34520 | 
73621 | 34520 | 
73625 | 34524 | 
73626 | 34524 | 
73629 | 34527 | 
73630 | 34527 | 
73631 | 34528 | 
73632 | 34528 | 
73633 | 34529 | 
73634 | 34529 | 
73635 | 34530 | 
73636 | 34530 | 
73641 | 34534 | 
73642 | 34534 | 
73643 | 34535 | 
73644 | 34535 | 
73645 | 34536 | 
73646 | 34536 | 
73647 | 34537 | 
73648 | 34537 | 
73650 | 34539 | 
73651 | 34539 | 
73652 | 34539 | 
73653 | 34539 | 
16958 | 18157 | 
16959 | 18157 | 
73655 | 34541 | 
73656 | 34541 | 
73657 | 34542 | 
73658 | 34542 | 
73659 | 34543 | 
73660 | 34543 | 
73661 | 34544 | 
73662 | 34544 | 
73663 | 34544 | 
73664 | 34544 | 
73665 | 34545 | 
73666 | 34545 | 
73667 | 34546 | 
73668 | 34546 | 
73670 | 34548 | 
73671 | 34548 | 
73675 | 34551 | 
73676 | 34551 | 
73678 | 34553 | 
73679 | 34553 | 
73680 | 34554 | 
73681 | 34554 | 
17002 | 18171 | 
17003 | 18171 | 
44543 | 26363 | 
44544 | 26363 | 
44545 | 26363 | 
73682 | 34555 | 
73683 | 34555 | 
73684 | 34556 | 
73685 | 34556 | 
73686 | 34557 | 
73687 | 34557 | 
73688 | 34557 | 
73689 | 34558 | 
73690 | 34558 | 
73691 | 34558 | 
73694 | 34561 | 
73695 | 34561 | 
73697 | 34563 | 
73698 | 34563 | 
73699 | 34564 | 
73700 | 34564 | 
73701 | 34564 | 
73702 | 34565 | 
73703 | 34565 | 
73704 | 34566 | 
73705 | 34566 | 
73706 | 34566 | 
73707 | 34567 | 
73708 | 34567 | 
73709 | 34567 | 
73710 | 34568 | 
73711 | 34568 | 
73712 | 34568 | 
73714 | 34570 | 
73715 | 34570 | 
73716 | 34570 | 
73717 | 34570 | 
73718 | 34571 | 
73719 | 34571 | 
73720 | 34572 | 
73721 | 34572 | 
73723 | 34574 | 
73724 | 34574 | 
73725 | 34575 | 
73726 | 34575 | 
73727 | 34576 | 
73728 | 34576 | 
73729 | 34576 | 
73730 | 34576 | 
73731 | 34576 | 
73732 | 34577 | 
73733 | 34577 | 
73734 | 34577 | 
73735 | 34578 | 
73736 | 34578 | 
73737 | 34578 | 
73738 | 34579 | 
73739 | 34579 | 
73740 | 34580 | 
73741 | 34580 | 
73742 | 34581 | 
73743 | 34581 | 
73744 | 34581 | 
73745 | 34581 | 
73751 | 34586 | 
73752 | 34586 | 
73753 | 34587 | 
73754 | 34587 | 
73755 | 34588 | 
73756 | 34588 | 
73757 | 34589 | 
73758 | 34589 | 
73759 | 34590 | 
73760 | 34590 | 
73761 | 34591 | 
73762 | 34591 | 
17114 | 18209 | 
17115 | 18209 | 
73766 | 34595 | 
73767 | 34595 | 
73768 | 34596 | 
73769 | 34596 | 
73770 | 34597 | 
73771 | 34597 | 
17128 | 18214 | 
17129 | 18214 | 
17130 | 18215 | 
17131 | 18215 | 
73774 | 34600 | 
73775 | 34600 | 
44726 | 26409 | 
73776 | 34601 | 
73777 | 34601 | 
73778 | 34601 | 
17142 | 18219 | 
17143 | 18219 | 
73781 | 34603 | 
73782 | 34603 | 
73783 | 34603 | 
73784 | 34604 | 
73785 | 34604 | 
73788 | 34607 | 
73789 | 34607 | 
73793 | 34610 | 
73794 | 34610 | 
17166 | 18230 | 
17167 | 18230 | 
73800 | 34616 | 
73801 | 34616 | 
73802 | 34617 | 
73803 | 34617 | 
73804 | 34618 | 
73805 | 34618 | 
17198 | 18235 | 
17199 | 18235 | 
73806 | 34619 | 
73807 | 34619 | 
17244 | 18239 | 
17245 | 18239 | 
73811 | 34623 | 
73812 | 34623 | 
73818 | 34625 | 
73819 | 34625 | 
73820 | 34625 | 
73821 | 34625 | 
73822 | 34625 | 
73823 | 34625 | 
26323 | 21536 | 
26324 | 21536 | 
73824 | 34626 | 
73825 | 34626 | 
73826 | 34626 | 
73827 | 34626 | 
73828 | 34626 | 
73829 | 34627 | 
73830 | 34627 | 
44870 | 26437 | 
44871 | 26437 | 
44872 | 26437 | 
44873 | 26437 | 
44874 | 26437 | 
44875 | 26437 | 
44876 | 26437 | 
73833 | 34629 | 
73834 | 34629 | 
73837 | 34632 | 
73838 | 34632 | 
73839 | 34633 | 
73840 | 34633 | 
73841 | 34634 | 
73842 | 34634 | 
73843 | 34635 | 
73844 | 34635 | 
73845 | 34636 | 
73846 | 34636 | 
73847 | 34636 | 
73848 | 34636 | 
73849 | 34636 | 
73850 | 34636 | 
73851 | 34636 | 
73852 | 34636 | 
73853 | 34636 | 
73854 | 34636 | 
73855 | 34636 | 
73856 | 34636 | 
73857 | 34636 | 
73858 | 34636 | 
73859 | 34637 | 
73860 | 34637 | 
73861 | 34638 | 
73862 | 34638 | 
73863 | 34639 | 
73864 | 34639 | 
73865 | 34639 | 
73866 | 34639 | 
73868 | 34641 | 
73869 | 34641 | 
73870 | 34641 | 
73871 | 34641 | 
73872 | 34642 | 
73873 | 34642 | 
73874 | 34642 | 
73875 | 34642 | 
73876 | 34642 | 
73877 | 34642 | 
73878 | 34642 | 
73879 | 34642 | 
73881 | 34644 | 
73882 | 34644 | 
73885 | 34647 | 
73886 | 34647 | 
44968 | 26456 | 
73887 | 34648 | 
73888 | 34648 | 
73889 | 34649 | 
73890 | 34649 | 
73891 | 34649 | 
73892 | 34650 | 
73893 | 34650 | 
73894 | 34650 | 
73895 | 34650 | 
73896 | 34650 | 
73897 | 34650 | 
73898 | 34650 | 
73899 | 34650 | 
73900 | 34650 | 
73901 | 34650 | 
73902 | 34650 | 
73903 | 34650 | 
73904 | 34650 | 
73905 | 34650 | 
73906 | 34650 | 
73907 | 34650 | 
73908 | 34650 | 
73909 | 34650 | 
73910 | 34650 | 
73911 | 34650 | 
73912 | 34650 | 
73913 | 34650 | 
73914 | 34650 | 
73915 | 34650 | 
73932 | 34657 | 
73933 | 34657 | 
73934 | 34657 | 
73936 | 34659 | 
73937 | 34659 | 
73938 | 34660 | 
73939 | 34660 | 
73942 | 34663 | 
73943 | 34663 | 
73945 | 34665 | 
73946 | 34665 | 
45073 | 26474 | 
45074 | 26474 | 
45075 | 26474 | 
45076 | 26474 | 
45077 | 26474 | 
73947 | 34666 | 
73948 | 34666 | 
73949 | 34666 | 
73950 | 34667 | 
73951 | 34667 | 
73952 | 34668 | 
73953 | 34668 | 
45090 | 26479 | 
45091 | 26479 | 
73957 | 34672 | 
73958 | 34672 | 
73959 | 34672 | 
73960 | 34672 | 
45095 | 26481 | 
45096 | 26481 | 
73962 | 34674 | 
73963 | 34674 | 
73965 | 34676 | 
73966 | 34676 | 
73967 | 34676 | 
73968 | 34676 | 
73969 | 34676 | 
73970 | 34676 | 
73971 | 34676 | 
73972 | 34676 | 
73981 | 34679 | 
73982 | 34679 | 
73983 | 34679 | 
73984 | 34679 | 
73985 | 34679 | 
45110 | 26488 | 
45111 | 26488 | 
45112 | 26488 | 
45113 | 26489 | 
45114 | 26489 | 
45115 | 26490 | 
45116 | 26490 | 
45117 | 26491 | 
45118 | 26491 | 
45119 | 26491 | 
17406 | 18300 | 
17407 | 18300 | 
17408 | 18301 | 
17409 | 18301 | 
73986 | 34680 | 
73987 | 34680 | 
73988 | 34680 | 
73989 | 34681 | 
73990 | 34681 | 
73991 | 34681 | 
73992 | 34681 | 
73993 | 34681 | 
73994 | 34682 | 
73995 | 34682 | 
73996 | 34682 | 
73997 | 34682 | 
74001 | 34685 | 
74002 | 34685 | 
74032 | 34688 | 
74033 | 34688 | 
74040 | 34691 | 
74041 | 34691 | 
74042 | 34692 | 
74043 | 34692 | 
17457 | 18312 | 
17458 | 18312 | 
74055 | 34696 | 
74056 | 34696 | 
17465 | 18315 | 
17466 | 18315 | 
74076 | 34700 | 
74077 | 34700 | 
45243 | 26520 | 
45244 | 26520 | 
45245 | 26520 | 
45246 | 26520 | 
74117 | 34713 | 
74118 | 34713 | 
74119 | 34714 | 
74120 | 34714 | 
17518 | 18333 | 
17519 | 18333 | 
74138 | 34718 | 
74139 | 34718 | 
17530 | 18337 | 
17531 | 18337 | 
74147 | 34721 | 
74148 | 34721 | 
74149 | 34722 | 
17538 | 18340 | 
17539 | 18340 | 
74154 | 34725 | 
74155 | 34725 | 
17548 | 18344 | 
17549 | 18344 | 
74164 | 34731 | 
74165 | 34731 | 
17564 | 18349 | 
17565 | 18349 | 
45400 | 26548 | 
74202 | 34751 | 
74203 | 34751 | 
74204 | 34751 | 
45510 | 26565 | 
45511 | 26565 | 
45512 | 26565 | 
74239 | 34762 | 
74240 | 34762 | 
74259 | 34766 | 
74260 | 34766 | 
74261 | 34767 | 
74262 | 34767 | 
17654 | 18384 | 
17655 | 18384 | 
74263 | 34768 | 
74264 | 34768 | 
17662 | 18387 | 
17663 | 18387 | 
74276 | 34772 | 
74277 | 34772 | 
17667 | 18389 | 
17668 | 18389 | 
74293 | 34774 | 
74294 | 34774 | 
17677 | 18394 | 
17678 | 18394 | 
74315 | 34779 | 
17731 | 18411 | 
17732 | 18411 | 
17733 | 18412 | 
17734 | 18412 | 
45713 | 26603 | 
45714 | 26603 | 
45715 | 26603 | 
45716 | 26603 | 
74359 | 34796 | 
74360 | 34796 | 
74362 | 34798 | 
74363 | 34798 | 
74364 | 34798 | 
74365 | 34798 | 
74366 | 34798 | 
74367 | 34798 | 
57319 | 29712 | 
57320 | 29712 | 
57321 | 29712 | 
57322 | 29712 | 
45787 | 26621 | 
45788 | 26621 | 
45789 | 26621 | 
45790 | 26621 | 
74455 | 34828 | 
74456 | 34828 | 
74457 | 34828 | 
57358 | 29720 | 
57359 | 29720 | 
57360 | 29720 | 
57361 | 29720 | 
57362 | 29720 | 
57363 | 29720 | 
57364 | 29721 | 
57365 | 29721 | 
57366 | 29721 | 
17896 | 18464 | 
17897 | 18464 | 
57368 | 29723 | 
57369 | 29723 | 
57370 | 29723 | 
57371 | 29723 | 
57372 | 29723 | 
57373 | 29723 | 
74527 | 34856 | 
74528 | 34856 | 
17940 | 18477 | 
17941 | 18477 | 
17968 | 18489 | 
17969 | 18489 | 
17970 | 18489 | 
17971 | 18489 | 
18018 | 18507 | 
18019 | 18507 | 
18020 | 18507 | 
18021 | 18507 | 
74634 | 34894 | 
18028 | 18511 | 
18029 | 18511 | 
74641 | 34897 | 
74642 | 34897 | 
46187 | 26706 | 
46188 | 26706 | 
46189 | 26706 | 
18038 | 18515 | 
18039 | 18515 | 
18040 | 18515 | 
18041 | 18515 | 
18042 | 18515 | 
74656 | 34904 | 
74657 | 34904 | 
74658 | 34904 | 
74659 | 34904 | 
74660 | 34904 | 
74661 | 34904 | 
74662 | 34904 | 
74744 | 34927 | 
18208 | 18556 | 
18209 | 18556 | 
18210 | 18557 | 
18211 | 18557 | 
74802 | 34943 | 
74803 | 34943 | 
74804 | 34943 | 
74805 | 34943 | 
74806 | 34943 | 
74807 | 34943 | 
74808 | 34943 | 
74809 | 34943 | 
74810 | 34943 | 
74811 | 34943 | 
74812 | 34943 | 
74814 | 34945 | 
74815 | 34945 | 
74817 | 34947 | 
74834 | 34950 | 
74835 | 34950 | 
74884 | 34961 | 
74914 | 34964 | 
74921 | 34966 | 
74937 | 34969 | 
18310 | 18587 | 
18311 | 18587 | 
18316 | 18590 | 
18317 | 18590 | 
74960 | 34976 | 
74961 | 34977 | 
18334 | 18596 | 
18335 | 18596 | 
18336 | 18597 | 
18337 | 18597 | 
18338 | 18598 | 
18339 | 18598 | 
74979 | 34981 | 
18346 | 18601 | 
18347 | 18601 | 
18356 | 18603 | 
18357 | 18603 | 
18358 | 18604 | 
18359 | 18604 | 
75061 | 34988 | 
75062 | 34988 | 
75072 | 34991 | 
75073 | 34991 | 
75074 | 34992 | 
75075 | 34992 | 
18376 | 18612 | 
18377 | 18612 | 
75132 | 34998 | 
75133 | 34998 | 
75134 | 34999 | 
75135 | 34999 | 
75136 | 35000 | 
75137 | 35000 | 
18392 | 18618 | 
18393 | 18618 | 
75226 | 35005 | 
75227 | 35005 | 
75321 | 35016 | 
75322 | 35016 | 
75323 | 35016 | 
75324 | 35016 | 
75325 | 35016 | 
75326 | 35016 | 
75327 | 35016 | 
75328 | 35016 | 
75329 | 35016 | 
75330 | 35016 | 
75331 | 35016 | 
75332 | 35016 | 
75333 | 35016 | 
75334 | 35016 | 
75335 | 35016 | 
75336 | 35016 | 
75337 | 35016 | 
75338 | 35016 | 
75339 | 35016 | 
75340 | 35016 | 
75341 | 35016 | 
75342 | 35016 | 
75343 | 35016 | 
75344 | 35016 | 
75345 | 35016 | 
75346 | 35016 | 
75347 | 35016 | 
75348 | 35016 | 
75349 | 35016 | 
75350 | 35016 | 
75351 | 35016 | 
75352 | 35016 | 
75353 | 35016 | 
75354 | 35016 | 
75359 | 35018 | 
75360 | 35018 | 
75361 | 35019 | 
75362 | 35020 | 
75363 | 35020 | 
75364 | 35020 | 
18502 | 18641 | 
18503 | 18641 | 
18526 | 18645 | 
18527 | 18645 | 
18534 | 18648 | 
18535 | 18648 | 
75456 | 35034 | 
75457 | 35034 | 
75460 | 35036 | 
75461 | 35036 | 
75462 | 35037 | 
75463 | 35037 | 
47043 | 26858 | 
47044 | 26858 | 
75505 | 35051 | 
75506 | 35051 | 
75507 | 35051 | 
75508 | 35051 | 
18576 | 18668 | 
18577 | 18668 | 
18590 | 18671 | 
18591 | 18671 | 
18607 | 18674 | 
18608 | 18674 | 
18617 | 18676 | 
18618 | 18676 | 
18619 | 18676 | 
18620 | 18676 | 
18621 | 18677 | 
18622 | 18677 | 
18627 | 18679 | 
18628 | 18679 | 
18632 | 18681 | 
18633 | 18681 | 
18638 | 18683 | 
18639 | 18683 | 
18640 | 18684 | 
18641 | 18684 | 
75577 | 35072 | 
75578 | 35072 | 
18656 | 18692 | 
18657 | 18692 | 
75613 | 35080 | 
75614 | 35080 | 
75627 | 35082 | 
75628 | 35082 | 
47251 | 26895 | 
47252 | 26895 | 
47253 | 26895 | 
75644 | 35087 | 
75645 | 35087 | 
75662 | 35091 | 
75663 | 35091 | 
75671 | 35094 | 
75672 | 35094 | 
75673 | 35094 | 
75674 | 35094 | 
75675 | 35095 | 
75676 | 35095 | 
18718 | 18713 | 
18719 | 18713 | 
47301 | 26906 | 
47302 | 26906 | 
47303 | 26906 | 
75686 | 35098 | 
75687 | 35098 | 
18730 | 18716 | 
18731 | 18716 | 
75696 | 35100 | 
75697 | 35100 | 
47315 | 26910 | 
47316 | 26910 | 
47317 | 26910 | 
75698 | 35101 | 
75699 | 35101 | 
75726 | 35107 | 
75727 | 35107 | 
75728 | 35108 | 
75729 | 35108 | 
75730 | 35108 | 
75731 | 35108 | 
75732 | 35108 | 
75733 | 35108 | 
75734 | 35108 | 
75735 | 35108 | 
75736 | 35108 | 
75791 | 35114 | 
75792 | 35114 | 
18788 | 18739 | 
18789 | 18739 | 
18790 | 18740 | 
18791 | 18740 | 
75847 | 35125 | 
75848 | 35125 | 
75863 | 35127 | 
75864 | 35127 | 
75877 | 35131 | 
75878 | 35131 | 
75881 | 35133 | 
75882 | 35133 | 
75883 | 35134 | 
75884 | 35134 | 
75907 | 35138 | 
75908 | 35138 | 
75911 | 35140 | 
75912 | 35140 | 
75913 | 35141 | 
75914 | 35141 | 
75929 | 35145 | 
75930 | 35145 | 
75935 | 35147 | 
75936 | 35147 | 
47599 | 26967 | 
75993 | 35160 | 
75994 | 35160 | 
75995 | 35161 | 
75996 | 35161 | 
75997 | 35162 | 
75998 | 35162 | 
18882 | 18779 | 
18883 | 18779 | 
75999 | 35163 | 
76000 | 35163 | 
18888 | 18781 | 
18889 | 18781 | 
76005 | 35165 | 
76006 | 35165 | 
76015 | 35167 | 
76016 | 35167 | 
47608 | 26976 | 
47609 | 26977 | 
47610 | 26978 | 
47611 | 26979 | 
76113 | 35173 | 
76114 | 35173 | 
47616 | 26982 | 
76115 | 35174 | 
76116 | 35174 | 
47620 | 26984 | 
47622 | 26986 | 
76142 | 35180 | 
76143 | 35180 | 
76148 | 35182 | 
76149 | 35182 | 
76150 | 35182 | 
47633 | 26992 | 
47634 | 26992 | 
47635 | 26992 | 
47636 | 26992 | 
76161 | 35185 | 
76162 | 35185 | 
76179 | 35189 | 
76180 | 35189 | 
76185 | 35191 | 
76186 | 35192 | 
76197 | 35195 | 
76198 | 35195 | 
76207 | 35198 | 
76208 | 35198 | 
76215 | 35200 | 
76216 | 35200 | 
76217 | 35200 | 
76218 | 35200 | 
76221 | 35202 | 
76222 | 35202 | 
76223 | 35203 | 
76224 | 35203 | 
76225 | 35203 | 
76226 | 35203 | 
76227 | 35204 | 
76228 | 35204 | 
76241 | 35207 | 
76242 | 35207 | 
76243 | 35208 | 
76244 | 35208 | 
76271 | 35217 | 
76272 | 35217 | 
19077 | 18838 | 
19078 | 18838 | 
76287 | 35222 | 
76288 | 35222 | 
76311 | 35226 | 
76312 | 35226 | 
76313 | 35226 | 
76314 | 35226 | 
76315 | 35226 | 
76316 | 35226 | 
76317 | 35226 | 
76318 | 35226 | 
76319 | 35226 | 
76320 | 35226 | 
76321 | 35226 | 
76322 | 35226 | 
76323 | 35226 | 
76324 | 35226 | 
76325 | 35226 | 
76326 | 35226 | 
76327 | 35226 | 
76328 | 35226 | 
76329 | 35226 | 
76330 | 35226 | 
76331 | 35226 | 
76332 | 35226 | 
19121 | 18849 | 
19122 | 18849 | 
19123 | 18850 | 
19124 | 18850 | 
19143 | 18854 | 
19144 | 18854 | 
19157 | 18859 | 
19158 | 18859 | 
19159 | 18860 | 
19160 | 18860 | 
19161 | 18861 | 
19162 | 18861 | 
19163 | 18862 | 
19164 | 18862 | 
19165 | 18863 | 
19166 | 18863 | 
19167 | 18864 | 
19168 | 18864 | 
19169 | 18864 | 
76409 | 35249 | 
76410 | 35249 | 
19178 | 18868 | 
19179 | 18868 | 
76431 | 35256 | 
76432 | 35256 | 
19194 | 18873 | 
19195 | 18873 | 
76439 | 35259 | 
76440 | 35259 | 
76467 | 35264 | 
76468 | 35264 | 
19226 | 18881 | 
19227 | 18882 | 
19228 | 18882 | 
76483 | 35270 | 
76484 | 35270 | 
76485 | 35271 | 
76486 | 35271 | 
19255 | 18888 | 
19256 | 18888 | 
19257 | 18889 | 
19258 | 18889 | 
76489 | 35273 | 
76490 | 35273 | 
76491 | 35274 | 
76492 | 35274 | 
76497 | 35277 | 
76498 | 35277 | 
76519 | 35279 | 
76520 | 35279 | 
76521 | 35279 | 
76522 | 35279 | 
76529 | 35282 | 
76530 | 35282 | 
76535 | 35284 | 
76536 | 35284 | 
76537 | 35285 | 
76538 | 35285 | 
76539 | 35286 | 
76540 | 35286 | 
19331 | 18905 | 
19332 | 18905 | 
19335 | 18907 | 
19336 | 18907 | 
19365 | 18911 | 
19366 | 18911 | 
76587 | 35299 | 
76588 | 35299 | 
19393 | 18917 | 
19394 | 18917 | 
19395 | 18918 | 
19396 | 18918 | 
76625 | 35308 | 
76626 | 35308 | 
48185 | 27126 | 
76687 | 35322 | 
76688 | 35322 | 
76704 | 35327 | 
76705 | 35327 | 
48239 | 27138 | 
48240 | 27138 | 
48241 | 27138 | 
48242 | 27138 | 
19467 | 18947 | 
19468 | 18947 | 
76711 | 35330 | 
76712 | 35330 | 
76745 | 35339 | 
76746 | 35339 | 
76747 | 35339 | 
76748 | 35339 | 
76749 | 35340 | 
76750 | 35340 | 
19511 | 18957 | 
19512 | 18957 | 
76759 | 35343 | 
76760 | 35343 | 
19535 | 18962 | 
19536 | 18962 | 
19537 | 18962 | 
19538 | 18962 | 
76769 | 35346 | 
76770 | 35346 | 
76771 | 35346 | 
76772 | 35346 | 
76773 | 35346 | 
76774 | 35346 | 
76775 | 35346 | 
76776 | 35346 | 
76781 | 35348 | 
76782 | 35348 | 
19551 | 18966 | 
19552 | 18966 | 
19553 | 18967 | 
19554 | 18967 | 
19555 | 18968 | 
19556 | 18968 | 
19557 | 18969 | 
19558 | 18969 | 
19563 | 18971 | 
19564 | 18971 | 
76805 | 35355 | 
76806 | 35355 | 
76807 | 35355 | 
76808 | 35355 | 
19569 | 18973 | 
19570 | 18973 | 
76815 | 35358 | 
76816 | 35358 | 
19585 | 18976 | 
19586 | 18976 | 
76833 | 35360 | 
76834 | 35360 | 
19589 | 18978 | 
19590 | 18978 | 
76835 | 35361 | 
76836 | 35361 | 
19599 | 18981 | 
19600 | 18981 | 
19603 | 18983 | 
19604 | 18983 | 
19605 | 18983 | 
19606 | 18983 | 
19607 | 18983 | 
19608 | 18983 | 
19609 | 18983 | 
19610 | 18983 | 
19611 | 18983 | 
19612 | 18983 | 
19613 | 18983 | 
19614 | 18983 | 
19615 | 18983 | 
19616 | 18983 | 
19617 | 18983 | 
19618 | 18983 | 
19621 | 18985 | 
19622 | 18985 | 
19623 | 18986 | 
19624 | 18986 | 
76865 | 35371 | 
76866 | 35371 | 
76867 | 35371 | 
19633 | 18988 | 
19634 | 18988 | 
76868 | 35372 | 
76869 | 35373 | 
76870 | 35373 | 
76871 | 35373 | 
76872 | 35374 | 
76873 | 35375 | 
76874 | 35375 | 
76875 | 35375 | 
76876 | 35376 | 
76877 | 35376 | 
76878 | 35376 | 
76879 | 35376 | 
76880 | 35376 | 
76881 | 35376 | 
76882 | 35376 | 
76883 | 35377 | 
76884 | 35377 | 
76885 | 35377 | 
76886 | 35377 | 
76887 | 35377 | 
76888 | 35377 | 
76889 | 35378 | 
76890 | 35378 | 
76891 | 35378 | 
76892 | 35378 | 
19672 | 18996 | 
19673 | 18996 | 
76893 | 35379 | 
76894 | 35379 | 
76895 | 35379 | 
76896 | 35380 | 
76897 | 35380 | 
76898 | 35380 | 
76899 | 35381 | 
76900 | 35381 | 
76901 | 35381 | 
76902 | 35382 | 
76903 | 35382 | 
76904 | 35383 | 
76905 | 35383 | 
19696 | 19002 | 
19697 | 19002 | 
19698 | 19003 | 
19699 | 19003 | 
76906 | 35384 | 
76907 | 35384 | 
19702 | 19005 | 
19703 | 19005 | 
76908 | 35385 | 
76909 | 35385 | 
76910 | 35385 | 
76911 | 35386 | 
76912 | 35386 | 
76913 | 35386 | 
19708 | 19008 | 
19709 | 19008 | 
19710 | 19009 | 
19711 | 19009 | 
19712 | 19010 | 
19713 | 19010 | 
76914 | 35387 | 
76915 | 35387 | 
76916 | 35387 | 
76917 | 35388 | 
76918 | 35388 | 
76919 | 35388 | 
19730 | 19013 | 
19731 | 19013 | 
19732 | 19014 | 
19733 | 19014 | 
76922 | 35390 | 
76923 | 35390 | 
76924 | 35390 | 
19742 | 19016 | 
19743 | 19016 | 
19744 | 19017 | 
19745 | 19017 | 
76929 | 35393 | 
76930 | 35393 | 
76931 | 35393 | 
76932 | 35393 | 
76933 | 35394 | 
76934 | 35395 | 
76935 | 35395 | 
76936 | 35395 | 
76937 | 35396 | 
76938 | 35396 | 
76939 | 35396 | 
76940 | 35397 | 
76941 | 35398 | 
76942 | 35398 | 
76943 | 35398 | 
76944 | 35398 | 
76945 | 35398 | 
76946 | 35398 | 
76947 | 35399 | 
76948 | 35399 | 
76949 | 35399 | 
76950 | 35400 | 
76951 | 35400 | 
76952 | 35400 | 
76953 | 35400 | 
76954 | 35401 | 
76955 | 35401 | 
76956 | 35401 | 
76957 | 35401 | 
76958 | 35401 | 
76959 | 35401 | 
19818 | 19027 | 
19819 | 19027 | 
76964 | 35403 | 
76965 | 35403 | 
76966 | 35403 | 
76967 | 35403 | 
76968 | 35403 | 
76969 | 35403 | 
76970 | 35403 | 
76971 | 35403 | 
76972 | 35403 | 
76973 | 35403 | 
76974 | 35403 | 
76975 | 35403 | 
76976 | 35403 | 
76977 | 35403 | 
76978 | 35403 | 
76979 | 35403 | 
76980 | 35403 | 
76981 | 35403 | 
76982 | 35403 | 
76983 | 35403 | 
76984 | 35403 | 
76985 | 35403 | 
76986 | 35403 | 
76987 | 35403 | 
76988 | 35404 | 
76989 | 35404 | 
76990 | 35404 | 
76991 | 35404 | 
76992 | 35404 | 
76993 | 35404 | 
76994 | 35404 | 
76995 | 35404 | 
76996 | 35405 | 
76997 | 35405 | 
76998 | 35405 | 
76999 | 35406 | 
77000 | 35406 | 
77005 | 35409 | 
77006 | 35409 | 
77007 | 35409 | 
77008 | 35409 | 
77014 | 35411 | 
77015 | 35411 | 
77016 | 35411 | 
77017 | 35411 | 
77018 | 35411 | 
77019 | 35411 | 
77020 | 35411 | 
77021 | 35411 | 
77022 | 35411 | 
77023 | 35412 | 
77024 | 35412 | 
77029 | 35414 | 
77030 | 35414 | 
77031 | 35414 | 
77046 | 35416 | 
77047 | 35417 | 
77048 | 35417 | 
77101 | 35428 | 
77102 | 35428 | 
77103 | 35428 | 
19866 | 19049 | 
19867 | 19049 | 
19914 | 19068 | 
19915 | 19068 | 
77221 | 35465 | 
77222 | 35465 | 
77223 | 35465 | 
77224 | 35465 | 
48698 | 27275 | 
48699 | 27276 | 
48700 | 27277 | 
48703 | 27279 | 
77241 | 35472 | 
77242 | 35472 | 
48722 | 27286 | 
77271 | 35482 | 
77272 | 35482 | 
48754 | 27298 | 
48798 | 27319 | 
77375 | 35519 | 
77376 | 35519 | 
77377 | 35520 | 
77378 | 35520 | 
77379 | 35520 | 
77380 | 35520 | 
77381 | 35520 | 
77382 | 35520 | 
77383 | 35520 | 
77384 | 35520 | 
77385 | 35521 | 
77386 | 35521 | 
77387 | 35521 | 
77388 | 35521 | 
77389 | 35521 | 
77390 | 35521 | 
77391 | 35521 | 
77392 | 35521 | 
77393 | 35522 | 
77394 | 35522 | 
77395 | 35522 | 
77396 | 35522 | 
77397 | 35522 | 
77398 | 35522 | 
77399 | 35522 | 
77400 | 35523 | 
77401 | 35523 | 
77402 | 35523 | 
77403 | 35523 | 
77404 | 35523 | 
77405 | 35523 | 
77406 | 35523 | 
77407 | 35523 | 
77408 | 35524 | 
77409 | 35524 | 
77410 | 35524 | 
77411 | 35524 | 
77412 | 35524 | 
77413 | 35524 | 
77414 | 35524 | 
77415 | 35524 | 
77416 | 35525 | 
77417 | 35525 | 
77418 | 35525 | 
77419 | 35525 | 
77420 | 35525 | 
77421 | 35525 | 
48846 | 27336 | 
48854 | 27341 | 
48938 | 27370 | 
48967 | 27382 | 
20236 | 19206 | 
20237 | 19206 | 
20402 | 19278 | 
20403 | 19278 | 
20482 | 19313 | 
20483 | 19313 | 
20484 | 19313 | 
20485 | 19313 | 
20759 | 19435 | 
20760 | 19435 | 
20761 | 19436 | 
20762 | 19436 | 
20803 | 19453 | 
20804 | 19453 | 
49866 | 27703 | 
21013 | 19535 | 
21014 | 19535 | 
21085 | 19566 | 
21086 | 19566 | 
21161 | 19594 | 
21162 | 19594 | 
21251 | 19635 | 
21252 | 19635 | 
21353 | 19676 | 
21354 | 19676 | 
21355 | 19677 | 
21356 | 19677 | 
50601 | 27891 | 
51103 | 28018 | 
51114 | 28021 | 
51115 | 28021 | 
51116 | 28021 | 
51117 | 28021 | 
51118 | 28021 | 
51119 | 28021 | 
51120 | 28021 | 
51121 | 28021 | 
51122 | 28021 | 
51156 | 28026 | 
51157 | 28026 | 
51158 | 28026 | 
51159 | 28026 | 
21939 | 19931 | 
21940 | 19931 | 
51530 | 28132 | 
51531 | 28132 | 
51532 | 28132 | 
51533 | 28132 | 
51534 | 28132 | 
51643 | 28168 | 
51644 | 28168 | 
51645 | 28168 | 
22154 | 20018 | 
22155 | 20018 | 
22212 | 20045 | 
22213 | 20045 | 
22214 | 20046 | 
22215 | 20046 | 
52013 | 28266 | 
52014 | 28266 | 
52015 | 28266 | 
22328 | 20100 | 
22329 | 20100 | 
22458 | 20153 | 
22459 | 20153 | 
22604 | 20219 | 
22605 | 20219 | 
22614 | 20224 | 
22615 | 20224 | 
22758 | 20288 | 
22759 | 20288 | 
22774 | 20296 | 
22775 | 20296 | 
22890 | 20353 | 
22891 | 20353 | 
22986 | 20392 | 
22987 | 20392 | 
53232 | 28606 | 
53233 | 28606 | 
53234 | 28606 | 
53235 | 28606 | 
53236 | 28606 | 
53237 | 28606 | 
53238 | 28606 | 
53239 | 28606 | 
53246 | 28609 | 
53247 | 28609 | 
53248 | 28609 | 
53249 | 28609 | 
53250 | 28609 | 
23098 | 20436 | 
23099 | 20436 | 
23110 | 20442 | 
23111 | 20442 | 
23190 | 20478 | 
23191 | 20478 | 
53539 | 28685 | 
53540 | 28685 | 
53541 | 28685 | 
53542 | 28685 | 
53543 | 28685 | 
23292 | 20524 | 
23293 | 20524 | 
119 | 12460 | 
120 | 12460 | 
121 | 12460 | 
122 | 12460 | 
123 | 12461 | 
124 | 12461 | 
125 | 12461 | 
126 | 12461 | 
127 | 12462 | 
128 | 12462 | 
54086 | 28860 | 
54087 | 28860 | 
54088 | 28860 | 
54089 | 28860 | 
23700 | 20699 | 
23701 | 20699 | 
401 | 12544 | 
402 | 12544 | 
475 | 12566 | 
476 | 12566 | 
488 | 12572 | 
489 | 12572 | 
506 | 12580 | 
507 | 12580 | 
508 | 12580 | 
509 | 12580 | 
510 | 12581 | 
511 | 12581 | 
512 | 12581 | 
513 | 12581 | 
514 | 12582 | 
515 | 12582 | 
54648 | 29004 | 
54649 | 29004 | 
54650 | 29004 | 
54651 | 29004 | 
54652 | 29004 | 
54653 | 29004 | 
54654 | 29004 | 
54655 | 29004 | 
54656 | 29004 | 
54657 | 29004 | 
788 | 12664 | 
789 | 12664 | 
862 | 12686 | 
863 | 12686 | 
875 | 12692 | 
876 | 12692 | 
24116 | 20889 | 
24117 | 20889 | 
951 | 12721 | 
952 | 12721 | 
1022 | 12744 | 
1023 | 12744 | 
1072 | 12760 | 
1073 | 12760 | 
1074 | 12761 | 
1075 | 12761 | 
1076 | 12762 | 
1077 | 12762 | 
24246 | 20953 | 
24247 | 20953 | 
24248 | 20953 | 
24249 | 20953 | 
24250 | 20953 | 
24251 | 20954 | 
24252 | 20954 | 
24253 | 20954 | 
24254 | 20954 | 
24255 | 20954 | 
24256 | 20954 | 
24257 | 20954 | 
24258 | 20955 | 
24259 | 20955 | 
24260 | 20955 | 
24261 | 20955 | 
24262 | 20956 | 
24263 | 20957 | 
24264 | 20957 | 
24265 | 20957 | 
24266 | 20957 | 
24267 | 20958 | 
24268 | 20958 | 
24269 | 20958 | 
24270 | 20958 | 
24271 | 20959 | 
24272 | 20959 | 
24273 | 20959 | 
24274 | 20960 | 
24275 | 20960 | 
24276 | 20960 | 
24277 | 20961 | 
24278 | 20961 | 
24279 | 20961 | 
24284 | 20963 | 
24285 | 20963 | 
24286 | 20963 | 
24292 | 20965 | 
24293 | 20965 | 
24294 | 20965 | 
24287 | 20964 | 
24288 | 20964 | 
24289 | 20964 | 
24290 | 20964 | 
24291 | 20964 | 
24301 | 20967 | 
24302 | 20967 | 
24303 | 20967 | 
24304 | 20968 | 
24305 | 20968 | 
24306 | 20968 | 
24307 | 20968 | 
1114 | 12777 | 
1115 | 12777 | 
24308 | 20969 | 
24309 | 20969 | 
24310 | 20969 | 
24311 | 20969 | 
24312 | 20969 | 
1118 | 12779 | 
1119 | 12779 | 
24313 | 20970 | 
24314 | 20971 | 
24315 | 20972 | 
24316 | 20973 | 
24317 | 20973 | 
24318 | 20976 | 
24319 | 20976 | 
24320 | 20976 | 
24321 | 20976 | 
1138 | 12785 | 
1139 | 12785 | 
55304 | 29170 | 
55305 | 29170 | 
55306 | 29170 | 
55307 | 29170 | 
24341 | 20984 | 
24342 | 20984 | 
1168 | 12796 | 
1169 | 12796 | 
24351 | 20989 | 
24352 | 20989 | 
55393 | 29184 | 
55394 | 29184 | 
55395 | 29184 | 
55396 | 29185 | 
55397 | 29185 | 
55398 | 29185 | 
1212 | 12813 | 
1213 | 12813 | 
55470 | 29200 | 
55471 | 29200 | 
55472 | 29200 | 
55473 | 29200 | 
55474 | 29200 | 
55475 | 29200 | 
55476 | 29200 | 
55477 | 29200 | 
55478 | 29200 | 
55479 | 29200 | 
55480 | 29200 | 
55481 | 29200 | 
55482 | 29200 | 
1240 | 12822 | 
1241 | 12822 | 
1242 | 12823 | 
1243 | 12823 | 
1262 | 12829 | 
1263 | 12829 | 
1264 | 12830 | 
1265 | 12830 | 
1268 | 12832 | 
1269 | 12832 | 
1404 | 12890 | 
1405 | 12890 | 
1468 | 12914 | 
1469 | 12914 | 
1508 | 12929 | 
1509 | 12929 | 
1520 | 12934 | 
1521 | 12934 | 
1522 | 12935 | 
1523 | 12935 | 
1524 | 12936 | 
1525 | 12936 | 
1530 | 12939 | 
1531 | 12939 | 
1616 | 12977 | 
1617 | 12977 | 
1630 | 12981 | 
1631 | 12981 | 
1646 | 12989 | 
1647 | 12989 | 
1648 | 12990 | 
1649 | 12990 | 
1712 | 13010 | 
1713 | 13010 | 
1714 | 13011 | 
1715 | 13011 | 
1740 | 13019 | 
1741 | 13019 | 
1774 | 13036 | 
1775 | 13036 | 
1832 | 13048 | 
1833 | 13048 | 
1854 | 13055 | 
1855 | 13055 | 
1856 | 13056 | 
1857 | 13056 | 
56345 | 29440 | 
56346 | 29440 | 
56347 | 29440 | 
56348 | 29440 | 
56349 | 29440 | 
56350 | 29440 | 
56351 | 29440 | 
56352 | 29440 | 
56353 | 29440 | 
56354 | 29440 | 
56355 | 29440 | 
56356 | 29440 | 
56357 | 29440 | 
1902 | 13068 | 
1903 | 13068 | 
25449 | 21269 | 
25450 | 21269 | 
25453 | 21271 | 
25454 | 21271 | 
25455 | 21272 | 
25456 | 21272 | 
25467 | 21276 | 
25468 | 21276 | 
25469 | 21276 | 
25470 | 21276 | 
25471 | 21276 | 
25472 | 21276 | 
25473 | 21277 | 
25474 | 21277 | 
25475 | 21278 | 
25476 | 21278 | 
25477 | 21279 | 
25478 | 21279 | 
25489 | 21282 | 
25490 | 21282 | 
25491 | 21283 | 
25492 | 21283 | 
25493 | 21284 | 
25494 | 21284 | 
25495 | 21284 | 
25496 | 21285 | 
25497 | 21285 | 
25498 | 21286 | 
25499 | 21286 | 
1970 | 13095 | 
1971 | 13095 | 
1972 | 13096 | 
1973 | 13096 | 
25500 | 21287 | 
25501 | 21287 | 
25510 | 21291 | 
25511 | 21291 | 
25512 | 21292 | 
25513 | 21292 | 
25514 | 21293 | 
25515 | 21293 | 
25516 | 21294 | 
25517 | 21294 | 
25518 | 21295 | 
25519 | 21295 | 
25520 | 21296 | 
25521 | 21296 | 
25522 | 21297 | 
25523 | 21297 | 
25524 | 21298 | 
25525 | 21298 | 
25526 | 21299 | 
25527 | 21299 | 
25528 | 21300 | 
25529 | 21300 | 
25534 | 21302 | 
25535 | 21302 | 
25540 | 21304 | 
25541 | 21304 | 
25542 | 21305 | 
25543 | 21305 | 
25544 | 21306 | 
25545 | 21306 | 
25546 | 21307 | 
25547 | 21307 | 
25548 | 21308 | 
25549 | 21308 | 
25584 | 21319 | 
25585 | 21319 | 
25586 | 21320 | 
25587 | 21320 | 
25588 | 21321 | 
25589 | 21321 | 
2048 | 13131 | 
2049 | 13131 | 
2076 | 13138 | 
2077 | 13138 | 
2096 | 13144 | 
2097 | 13144 | 
25670 | 21342 | 
25671 | 21342 | 
2114 | 13152 | 
2115 | 13152 | 
25682 | 21346 | 
25683 | 21346 | 
2124 | 13156 | 
2125 | 13156 | 
2132 | 13159 | 
2133 | 13159 | 
25696 | 21351 | 
25697 | 21351 | 
2152 | 13163 | 
2153 | 13163 | 
25746 | 21358 | 
25747 | 21358 | 
2166 | 13169 | 
2167 | 13169 | 
25758 | 21361 | 
25759 | 21361 | 
25768 | 21364 | 
25769 | 21364 | 
2196 | 13174 | 
2197 | 13174 | 
25774 | 21366 | 
25775 | 21366 | 
25790 | 21372 | 
25791 | 21372 | 
2222 | 13184 | 
2223 | 13184 | 
2234 | 13187 | 
2235 | 13187 | 
2236 | 13188 | 
2237 | 13188 | 
25821 | 21381 | 
25822 | 21381 | 
2240 | 13190 | 
2241 | 13190 | 
25829 | 21384 | 
25830 | 21384 | 
25833 | 21386 | 
25834 | 21386 | 
25839 | 21389 | 
25840 | 21389 | 
2264 | 13200 | 
2265 | 13200 | 
25883 | 21398 | 
25884 | 21398 | 
25885 | 21399 | 
25886 | 21399 | 
25887 | 21400 | 
25888 | 21400 | 
2302 | 13213 | 
2303 | 13213 | 
25919 | 21411 | 
25920 | 21411 | 
25921 | 21411 | 
25922 | 21411 | 
25923 | 21411 | 
25924 | 21411 | 
2324 | 13220 | 
2325 | 13220 | 
2330 | 13223 | 
2331 | 13223 | 
25966 | 21424 | 
25967 | 21424 | 
25968 | 21425 | 
25969 | 21425 | 
2388 | 13238 | 
2389 | 13238 | 
26025 | 21439 | 
26026 | 21439 | 
26083 | 21451 | 
26084 | 21451 | 
26085 | 21452 | 
26086 | 21452 | 
2452 | 13265 | 
2453 | 13265 | 
26119 | 21462 | 
26120 | 21462 | 
26121 | 21462 | 
26122 | 21462 | 
26129 | 21465 | 
26130 | 21465 | 
26131 | 21465 | 
26132 | 21465 | 
26133 | 21465 | 
26134 | 21465 | 
26135 | 21466 | 
26136 | 21466 | 
26139 | 21468 | 
26140 | 21468 | 
26147 | 21471 | 
26148 | 21471 | 
26149 | 21472 | 
26150 | 21472 | 
26155 | 21475 | 
26156 | 21475 | 
2500 | 13284 | 
2501 | 13284 | 
26159 | 21477 | 
26160 | 21477 | 
26161 | 21478 | 
26162 | 21478 | 
26163 | 21479 | 
26164 | 21479 | 
2514 | 13290 | 
2515 | 13290 | 
26173 | 21483 | 
26174 | 21483 | 
26183 | 21487 | 
26184 | 21487 | 
26197 | 21491 | 
26198 | 21491 | 
26201 | 21493 | 
26202 | 21493 | 
26203 | 21494 | 
26204 | 21494 | 
26209 | 21496 | 
26210 | 21496 | 
57218 | 29688 | 
57219 | 29688 | 
57220 | 29688 | 
57221 | 29688 | 
57222 | 29688 | 
57223 | 29688 | 
57224 | 29688 | 
57225 | 29688 | 
57226 | 29688 | 
57227 | 29688 | 
57228 | 29688 | 
57229 | 29688 | 
57230 | 29688 | 
26213 | 21498 | 
26214 | 21498 | 
26215 | 21499 | 
26216 | 21499 | 
26217 | 21500 | 
26218 | 21500 | 
2580 | 13309 | 
2581 | 13309 | 
2582 | 13309 | 
2583 | 13309 | 
2584 | 13309 | 
2585 | 13309 | 
2586 | 13309 | 
2587 | 13309 | 
2588 | 13309 | 
2589 | 13309 | 
2590 | 13309 | 
2591 | 13309 | 
2592 | 13309 | 
2593 | 13309 | 
2594 | 13309 | 
2595 | 13309 | 
2596 | 13309 | 
2597 | 13309 | 
2598 | 13309 | 
2599 | 13309 | 
2600 | 13309 | 
2601 | 13309 | 
2602 | 13309 | 
2603 | 13309 | 
2604 | 13309 | 
2605 | 13309 | 
2606 | 13309 | 
2607 | 13309 | 
2608 | 13309 | 
2609 | 13309 | 
2610 | 13309 | 
2611 | 13309 | 
2612 | 13309 | 
2613 | 13309 | 
2614 | 13309 | 
2615 | 13309 | 
26231 | 21504 | 
26232 | 21504 | 
57254 | 29696 | 
57255 | 29696 | 
57256 | 29696 | 
26237 | 21506 | 
26238 | 21506 | 
26239 | 21507 | 
26240 | 21507 | 
26241 | 21508 | 
26242 | 21508 | 
26243 | 21509 | 
26244 | 21509 | 
57257 | 29697 | 
57258 | 29697 | 
57259 | 29697 | 
26247 | 21511 | 
26248 | 21511 | 
26249 | 21512 | 
26250 | 21512 | 
2638 | 13321 | 
2639 | 13321 | 
2640 | 13322 | 
2641 | 13322 | 
26251 | 21513 | 
26252 | 21513 | 
2644 | 13324 | 
2645 | 13324 | 
2646 | 13325 | 
2647 | 13325 | 
2648 | 13326 | 
2649 | 13326 | 
2650 | 13327 | 
2651 | 13327 | 
26281 | 21517 | 
26282 | 21517 | 
26283 | 21518 | 
26284 | 21518 | 
26289 | 21521 | 
26290 | 21521 | 
26293 | 21523 | 
26294 | 21523 | 
26295 | 21524 | 
26296 | 21524 | 
2678 | 13333 | 
2679 | 13333 | 
26297 | 21525 | 
26298 | 21525 | 
26299 | 21526 | 
26300 | 21526 | 
2686 | 13336 | 
2687 | 13336 | 
26301 | 21527 | 
26302 | 21527 | 
26303 | 21528 | 
26304 | 21528 | 
26305 | 21529 | 
26306 | 21529 | 
26313 | 21532 | 
26314 | 21532 | 
26307 | 21530 | 
26308 | 21530 | 
26319 | 21534 | 
26320 | 21534 | 
26321 | 21535 | 
26322 | 21535 | 
26309 | 21531 | 
26310 | 21531 | 
26311 | 21531 | 
26312 | 21531 | 
2704 | 13345 | 
2705 | 13345 | 
2706 | 13346 | 
2707 | 13346 | 
2708 | 13347 | 
2709 | 13347 | 
2710 | 13348 | 
2711 | 13348 | 
26325 | 21537 | 
26326 | 21537 | 
2716 | 13350 | 
2717 | 13350 | 
26339 | 21540 | 
26340 | 21540 | 
26341 | 21541 | 
26342 | 21541 | 
2730 | 13353 | 
2731 | 13353 | 
26355 | 21546 | 
26356 | 21546 | 
26343 | 21542 | 
26344 | 21542 | 
26369 | 21548 | 
26370 | 21548 | 
26371 | 21549 | 
26372 | 21549 | 
2748 | 13358 | 
2749 | 13358 | 
2750 | 13359 | 
2751 | 13359 | 
26375 | 21551 | 
26376 | 21551 | 
2764 | 13362 | 
2765 | 13362 | 
26389 | 21554 | 
26390 | 21554 | 
26429 | 21563 | 
26430 | 21563 | 
26471 | 21575 | 
26472 | 21575 | 
57537 | 29768 | 
57538 | 29768 | 
57539 | 29768 | 
57540 | 29768 | 
57542 | 29770 | 
57543 | 29770 | 
57544 | 29770 | 
26487 | 21579 | 
26488 | 21579 | 
2858 | 13388 | 
2859 | 13388 | 
26489 | 21580 | 
26490 | 21580 | 
2862 | 13390 | 
2863 | 13390 | 
26509 | 21585 | 
26510 | 21585 | 
26511 | 21586 | 
26512 | 21586 | 
57562 | 29779 | 
57563 | 29779 | 
57564 | 29779 | 
57565 | 29779 | 
57566 | 29779 | 
57567 | 29779 | 
57568 | 29779 | 
57569 | 29779 | 
57570 | 29779 | 
57571 | 29779 | 
57572 | 29779 | 
26515 | 21588 | 
26516 | 21588 | 
26531 | 21591 | 
26532 | 21591 | 
26537 | 21594 | 
26538 | 21594 | 
2896 | 13404 | 
2897 | 13404 | 
2904 | 13408 | 
2905 | 13408 | 
2906 | 13409 | 
2907 | 13409 | 
26555 | 21600 | 
26556 | 21600 | 
2910 | 13411 | 
2911 | 13411 | 
26567 | 21605 | 
26568 | 21605 | 
26608 | 21612 | 
26609 | 21612 | 
2934 | 13422 | 
2935 | 13422 | 
26622 | 21617 | 
26623 | 21617 | 
2946 | 13427 | 
2947 | 13427 | 
2948 | 13428 | 
2949 | 13428 | 
57703 | 29814 | 
57704 | 29814 | 
57705 | 29814 | 
57706 | 29814 | 
57707 | 29814 | 
57708 | 29814 | 
57709 | 29814 | 
57710 | 29814 | 
57711 | 29814 | 
57712 | 29814 | 
57713 | 29814 | 
57714 | 29814 | 
57715 | 29814 | 
57716 | 29814 | 
57717 | 29814 | 
57718 | 29814 | 
57719 | 29814 | 
57720 | 29814 | 
57721 | 29814 | 
57722 | 29814 | 
57723 | 29814 | 
57724 | 29814 | 
57725 | 29814 | 
57726 | 29814 | 
57727 | 29814 | 
57728 | 29814 | 
57729 | 29814 | 
57730 | 29814 | 
57731 | 29814 | 
57732 | 29814 | 
57733 | 29814 | 
57734 | 29814 | 
57735 | 29814 | 
57736 | 29814 | 
57737 | 29814 | 
57738 | 29814 | 
26646 | 21625 | 
26647 | 21625 | 
2964 | 13434 | 
2965 | 13434 | 
26650 | 21627 | 
26651 | 21627 | 
26671 | 21636 | 
26672 | 21636 | 
26693 | 21642 | 
26694 | 21642 | 
3042 | 13458 | 
3043 | 13458 | 
26717 | 21651 | 
26718 | 21651 | 
3046 | 13460 | 
3047 | 13460 | 
26731 | 21654 | 
26732 | 21654 | 
57876 | 29849 | 
57877 | 29849 | 
57878 | 29849 | 
57879 | 29849 | 
57880 | 29849 | 
57881 | 29849 | 
57882 | 29849 | 
57883 | 29849 | 
57884 | 29849 | 
57885 | 29849 | 
57886 | 29849 | 
57887 | 29849 | 
26763 | 21663 | 
26764 | 21663 | 
26777 | 21666 | 
26778 | 21666 | 
3086 | 13476 | 
3087 | 13476 | 
57947 | 29861 | 
57948 | 29861 | 
57949 | 29861 | 
26803 | 21670 | 
26804 | 21670 | 
57950 | 29862 | 
57951 | 29862 | 
57952 | 29862 | 
3102 | 13482 | 
3103 | 13482 | 
26828 | 21677 | 
26829 | 21677 | 
26854 | 21685 | 
26855 | 21685 | 
58012 | 29877 | 
58013 | 29877 | 
58014 | 29877 | 
58036 | 29883 | 
58037 | 29883 | 
58038 | 29883 | 
58039 | 29883 | 
26884 | 21693 | 
26885 | 21693 | 
58050 | 29887 | 
58051 | 29887 | 
58052 | 29887 | 
26902 | 21696 | 
26903 | 21696 | 
26904 | 21697 | 
26905 | 21697 | 
58053 | 29888 | 
58054 | 29888 | 
58055 | 29888 | 
58056 | 29889 | 
58057 | 29889 | 
58058 | 29889 | 
26932 | 21704 | 
26933 | 21704 | 
3218 | 13515 | 
3219 | 13515 | 
3224 | 13517 | 
3225 | 13517 | 
3226 | 13518 | 
3227 | 13518 | 
26948 | 21710 | 
26949 | 21710 | 
26950 | 21711 | 
26951 | 21711 | 
26952 | 21712 | 
26953 | 21712 | 
58138 | 29906 | 
58139 | 29906 | 
58140 | 29906 | 
26974 | 21715 | 
26975 | 21715 | 
3238 | 13524 | 
3239 | 13524 | 
26986 | 21717 | 
26987 | 21717 | 
26990 | 21719 | 
26991 | 21719 | 
27002 | 21722 | 
27003 | 21722 | 
27034 | 21728 | 
27035 | 21728 | 
3282 | 13539 | 
3283 | 13539 | 
27050 | 21731 | 
27051 | 21731 | 
3290 | 13542 | 
3291 | 13542 | 
27102 | 21741 | 
27103 | 21741 | 
3342 | 13555 | 
3343 | 13555 | 
3344 | 13556 | 
3345 | 13556 | 
27136 | 21752 | 
27137 | 21752 | 
27158 | 21757 | 
27159 | 21757 | 
27160 | 21758 | 
27161 | 21758 | 
27162 | 21759 | 
27163 | 21759 | 
27182 | 21763 | 
27183 | 21763 | 
27184 | 21764 | 
27185 | 21764 | 
3412 | 13577 | 
3413 | 13577 | 
3414 | 13578 | 
3415 | 13578 | 
3416 | 13579 | 
3417 | 13579 | 
3418 | 13580 | 
3419 | 13580 | 
3420 | 13581 | 
3421 | 13581 | 
27204 | 21770 | 
27205 | 21770 | 
27206 | 21771 | 
27207 | 21771 | 
27221 | 21777 | 
27232 | 21783 | 
27233 | 21783 | 
27234 | 21784 | 
27235 | 21784 | 
27248 | 21789 | 
27249 | 21789 | 
27250 | 21789 | 
27251 | 21789 | 
27324 | 21795 | 
27325 | 21795 | 
3484 | 13604 | 
3485 | 13604 | 
27326 | 21796 | 
27327 | 21796 | 
27344 | 21801 | 
27345 | 21801 | 
3528 | 13618 | 
3529 | 13618 | 
27402 | 21815 | 
27403 | 21815 | 
27440 | 21825 | 
27441 | 21825 | 
27444 | 21827 | 
27445 | 21827 | 
27448 | 21829 | 
27449 | 21829 | 
27452 | 21831 | 
27453 | 21831 | 
27487 | 21841 | 
27488 | 21841 | 
27489 | 21841 | 
27490 | 21841 | 
27491 | 21841 | 
27492 | 21841 | 
27493 | 21841 | 
27494 | 21841 | 
3640 | 13656 | 
3641 | 13656 | 
27528 | 21852 | 
27529 | 21852 | 
3654 | 13661 | 
3655 | 13661 | 
3656 | 13662 | 
3657 | 13662 | 
3668 | 13666 | 
3669 | 13666 | 
27558 | 21859 | 
27559 | 21860 | 
27560 | 21860 | 
27581 | 21868 | 
27582 | 21868 | 
27583 | 21868 | 
27584 | 21868 | 
27585 | 21868 | 
27586 | 21868 | 
27587 | 21868 | 
3692 | 13677 | 
3693 | 13677 | 
3724 | 13682 | 
3725 | 13682 | 
3770 | 13686 | 
3771 | 13686 | 
27626 | 21881 | 
27627 | 21881 | 
27628 | 21882 | 
27629 | 21882 | 
27678 | 21899 | 
27679 | 21899 | 
27686 | 21902 | 
27687 | 21902 | 
27700 | 21906 | 
27701 | 21906 | 
27702 | 21906 | 
27703 | 21906 | 
27704 | 21907 | 
27705 | 21907 | 
27706 | 21907 | 
27707 | 21907 | 
27708 | 21907 | 
58889 | 30098 | 
58890 | 30098 | 
58891 | 30098 | 
27725 | 21912 | 
27726 | 21912 | 
27763 | 21922 | 
27764 | 21922 | 
27765 | 21923 | 
27766 | 21923 | 
27769 | 21925 | 
27770 | 21925 | 
27781 | 21930 | 
27782 | 21930 | 
27793 | 21935 | 
27794 | 21935 | 
27801 | 21939 | 
27802 | 21939 | 
27803 | 21939 | 
27804 | 21939 | 
27805 | 21939 | 
27806 | 21939 | 
27807 | 21939 | 
27808 | 21939 | 
3934 | 13748 | 
3935 | 13748 | 
3936 | 13749 | 
3937 | 13749 | 
27821 | 21944 | 
27822 | 21944 | 
3985 | 13760 | 
3986 | 13760 | 
27853 | 21954 | 
27854 | 21954 | 
3993 | 13763 | 
3994 | 13763 | 
4046 | 13781 | 
4047 | 13781 | 
27954 | 21973 | 
27955 | 21973 | 
4058 | 13785 | 
4059 | 13785 | 
4066 | 13788 | 
4067 | 13788 | 
27988 | 21980 | 
27989 | 21980 | 
4076 | 13792 | 
4077 | 13792 | 
28006 | 21985 | 
28007 | 21985 | 
4092 | 13797 | 
4093 | 13797 | 
28049 | 21997 | 
28051 | 21997 | 
28048 | 21998 | 
28050 | 21998 | 
28076 | 22001 | 
28077 | 22001 | 
28080 | 22003 | 
28081 | 22003 | 
28082 | 22004 | 
28083 | 22004 | 
59314 | 30200 | 
59315 | 30200 | 
59316 | 30200 | 
59317 | 30200 | 
28155 | 22018 | 
28156 | 22018 | 
28157 | 22018 | 
28158 | 22018 | 
28159 | 22018 | 
4182 | 13832 | 
4183 | 13832 | 
4190 | 13835 | 
4191 | 13835 | 
28185 | 22027 | 
28186 | 22027 | 
4195 | 13837 | 
4196 | 13837 | 
28197 | 22031 | 
28198 | 22031 | 
4205 | 13842 | 
4206 | 13842 | 
28209 | 22036 | 
28224 | 22041 | 
28225 | 22041 | 
28240 | 22045 | 
28241 | 22045 | 
28242 | 22045 | 
28243 | 22045 | 
28256 | 22050 | 
28257 | 22050 | 
4259 | 13859 | 
4260 | 13859 | 
4261 | 13860 | 
4262 | 13860 | 
28264 | 22053 | 
28265 | 22053 | 
28270 | 22055 | 
28271 | 22055 | 
28282 | 22059 | 
28283 | 22059 | 
28291 | 22063 | 
28292 | 22063 | 
28293 | 22064 | 
28294 | 22064 | 
28295 | 22065 | 
28296 | 22065 | 
28337 | 22076 | 
28338 | 22076 | 
28362 | 22087 | 
28363 | 22087 | 
28372 | 22091 | 
28373 | 22091 | 
28376 | 22093 | 
28377 | 22093 | 
28384 | 22096 | 
28385 | 22096 | 
28394 | 22098 | 
28395 | 22098 | 
4468 | 13925 | 
4469 | 13925 | 
28494 | 22119 | 
28495 | 22119 | 
28498 | 22121 | 
28499 | 22121 | 
28500 | 22121 | 
28501 | 22121 | 
28502 | 22121 | 
28503 | 22121 | 
28504 | 22121 | 
28505 | 22121 | 
28506 | 22121 | 
28507 | 22121 | 
28508 | 22121 | 
28509 | 22121 | 
28510 | 22121 | 
28511 | 22121 | 
28512 | 22121 | 
28513 | 22121 | 
28514 | 22121 | 
28515 | 22121 | 
28516 | 22121 | 
28517 | 22121 | 
28522 | 22123 | 
28523 | 22123 | 
4500 | 13939 | 
4501 | 13939 | 
4502 | 13939 | 
4503 | 13939 | 
28617 | 22144 | 
28618 | 22144 | 
28621 | 22146 | 
28622 | 22146 | 
4550 | 13957 | 
4551 | 13957 | 
4552 | 13957 | 
4553 | 13957 | 
28647 | 22149 | 
28648 | 22149 | 
4560 | 13961 | 
4561 | 13961 | 
4562 | 13962 | 
4563 | 13962 | 
28667 | 22156 | 
28668 | 22156 | 
28669 | 22157 | 
28670 | 22157 | 
28671 | 22157 | 
28672 | 22157 | 
28673 | 22157 | 
28674 | 22157 | 
4572 | 13966 | 
4573 | 13966 | 
4574 | 13966 | 
4575 | 13966 | 
4576 | 13966 | 
28703 | 22164 | 
28704 | 22164 | 
60022 | 30361 | 
60023 | 30361 | 
60024 | 30361 | 
60025 | 30361 | 
60026 | 30361 | 
60027 | 30361 | 
60028 | 30361 | 
60029 | 30361 | 
60030 | 30361 | 
60031 | 30361 | 
60032 | 30361 | 
60033 | 30361 | 
60034 | 30361 | 
60035 | 30361 | 
60036 | 30361 | 
60037 | 30361 | 
28752 | 22176 | 
28753 | 22176 | 
28770 | 22180 | 
28771 | 22180 | 
28814 | 22189 | 
28815 | 22189 | 
28816 | 22189 | 
28817 | 22189 | 
28826 | 22192 | 
28827 | 22192 | 
28828 | 22193 | 
28829 | 22193 | 
4742 | 14007 | 
4743 | 14007 | 
4744 | 14008 | 
4745 | 14008 | 
28878 | 22203 | 
28879 | 22203 | 
28880 | 22203 | 
28881 | 22203 | 
28892 | 22206 | 
28893 | 22206 | 
28904 | 22211 | 
28905 | 22211 | 
60247 | 30415 | 
60248 | 30415 | 
60249 | 30415 | 
28950 | 22224 | 
28951 | 22224 | 
60251 | 30417 | 
60252 | 30417 | 
60253 | 30417 | 
28970 | 22228 | 
28971 | 22228 | 
4844 | 14038 | 
4845 | 14038 | 
28980 | 22232 | 
28981 | 22232 | 
4850 | 14041 | 
4851 | 14041 | 
4868 | 14047 | 
4869 | 14047 | 
4870 | 14048 | 
4871 | 14048 | 
4872 | 14049 | 
4873 | 14049 | 
29007 | 22239 | 
29008 | 22239 | 
29009 | 22239 | 
4880 | 14052 | 
4881 | 14052 | 
29018 | 22244 | 
29019 | 22244 | 
4890 | 14054 | 
4891 | 14054 | 
4892 | 14055 | 
4893 | 14055 | 
29022 | 22246 | 
29023 | 22246 | 
4910 | 14063 | 
4911 | 14063 | 
29056 | 22255 | 
29057 | 22255 | 
29076 | 22261 | 
29077 | 22261 | 
4928 | 14070 | 
4929 | 14070 | 
29082 | 22264 | 
29083 | 22264 | 
29084 | 22264 | 
29085 | 22264 | 
29086 | 22264 | 
29087 | 22264 | 
29088 | 22264 | 
29089 | 22264 | 
29090 | 22264 | 
29091 | 22264 | 
29092 | 22264 | 
29093 | 22264 | 
29094 | 22264 | 
29095 | 22264 | 
29096 | 22264 | 
29097 | 22265 | 
29098 | 22265 | 
29099 | 22265 | 
29100 | 22265 | 
29101 | 22265 | 
29102 | 22265 | 
29103 | 22265 | 
29104 | 22265 | 
29105 | 22265 | 
29106 | 22265 | 
29107 | 22265 | 
29118 | 22269 | 
29119 | 22269 | 
29120 | 22269 | 
29128 | 22272 | 
29129 | 22272 | 
29156 | 22281 | 
29157 | 22281 | 
29158 | 22282 | 
29159 | 22282 | 
5038 | 14093 | 
5039 | 14093 | 
5062 | 14097 | 
5063 | 14097 | 
5070 | 14100 | 
5071 | 14100 | 
29202 | 22294 | 
29203 | 22294 | 
29224 | 22300 | 
29225 | 22300 | 
29226 | 22301 | 
29227 | 22301 | 
29266 | 22309 | 
29267 | 22309 | 
29268 | 22310 | 
29269 | 22310 | 
5112 | 14120 | 
5113 | 14120 | 
29274 | 22313 | 
29275 | 22313 | 
5126 | 14123 | 
5127 | 14123 | 
5143 | 14126 | 
5144 | 14126 | 
5153 | 14128 | 
5154 | 14128 | 
5155 | 14128 | 
5156 | 14128 | 
5157 | 14129 | 
5158 | 14129 | 
29329 | 22320 | 
29330 | 22320 | 
5163 | 14131 | 
5164 | 14131 | 
29331 | 22321 | 
29332 | 22321 | 
5168 | 14133 | 
5169 | 14133 | 
29341 | 22324 | 
29342 | 22324 | 
5174 | 14135 | 
5175 | 14135 | 
5176 | 14136 | 
5177 | 14136 | 
5192 | 14144 | 
5193 | 14144 | 
29425 | 22342 | 
29426 | 22342 | 
29435 | 22346 | 
29436 | 22346 | 
29437 | 22347 | 
29438 | 22347 | 
29467 | 22355 | 
29468 | 22355 | 
29469 | 22355 | 
5254 | 14165 | 
5255 | 14165 | 
29474 | 22357 | 
29475 | 22357 | 
5266 | 14168 | 
5267 | 14168 | 
29509 | 22369 | 
29510 | 22369 | 
29537 | 22376 | 
29538 | 22376 | 
29539 | 22376 | 
29540 | 22376 | 
5326 | 14192 | 
5327 | 14192 | 
5328 | 14193 | 
5329 | 14193 | 
29561 | 22384 | 
29562 | 22384 | 
29591 | 22393 | 
29592 | 22393 | 
29605 | 22398 | 
29606 | 22398 | 
29615 | 22402 | 
29616 | 22402 | 
76920 | 35389 | 
76921 | 35389 | 
29627 | 22405 | 
29628 | 22405 | 
29661 | 22413 | 
29662 | 22413 | 
29663 | 22414 | 
29664 | 22414 | 
76925 | 35391 | 
76926 | 35391 | 
76927 | 35391 | 
76928 | 35392 | 
29689 | 22420 | 
29690 | 22420 | 
5420 | 14232 | 
5421 | 14232 | 
5426 | 14234 | 
5427 | 14234 | 
29755 | 22439 | 
29758 | 22439 | 
29756 | 22440 | 
29757 | 22440 | 
29759 | 22441 | 
29760 | 22441 | 
29761 | 22442 | 
29762 | 22442 | 
29769 | 22445 | 
29770 | 22445 | 
29777 | 22448 | 
29778 | 22448 | 
29791 | 22452 | 
29792 | 22452 | 
29793 | 22452 | 
29794 | 22453 | 
29795 | 22453 | 
29848 | 22468 | 
29849 | 22468 | 
76960 | 35402 | 
76961 | 35402 | 
76962 | 35402 | 
76963 | 35402 | 
29880 | 22480 | 
29881 | 22480 | 
5615 | 14291 | 
5616 | 14291 | 
29901 | 22487 | 
29902 | 22487 | 
29903 | 22488 | 
29904 | 22488 | 
5659 | 14302 | 
5660 | 14302 | 
5661 | 14303 | 
5662 | 14303 | 
5681 | 14307 | 
5682 | 14307 | 
29945 | 22499 | 
29946 | 22499 | 
5695 | 14312 | 
5696 | 14312 | 
5697 | 14313 | 
5698 | 14313 | 
5699 | 14314 | 
5700 | 14314 | 
5701 | 14315 | 
5702 | 14315 | 
5703 | 14316 | 
5704 | 14316 | 
5705 | 14317 | 
5706 | 14317 | 
5707 | 14317 | 
29981 | 22508 | 
29982 | 22508 | 
29991 | 22510 | 
29992 | 22510 | 
61313 | 30696 | 
61314 | 30696 | 
61315 | 30696 | 
5716 | 14321 | 
5717 | 14321 | 
30003 | 22515 | 
30004 | 22515 | 
5732 | 14326 | 
5733 | 14326 | 
30033 | 22522 | 
30034 | 22522 | 
5764 | 14334 | 
5765 | 14335 | 
5766 | 14335 | 
30052 | 22528 | 
30053 | 22528 | 
30054 | 22528 | 
30055 | 22528 | 
30056 | 22529 | 
30057 | 22529 | 
30058 | 22529 | 
30059 | 22529 | 
61420 | 30721 | 
61421 | 30721 | 
61422 | 30721 | 
61423 | 30721 | 
61424 | 30721 | 
5793 | 14341 | 
5794 | 14341 | 
5795 | 14342 | 
5796 | 14342 | 
30078 | 22536 | 
30079 | 22536 | 
30082 | 22538 | 
30083 | 22538 | 
30088 | 22541 | 
30089 | 22541 | 
30090 | 22542 | 
30091 | 22542 | 
30098 | 22545 | 
30099 | 22545 | 
5869 | 14358 | 
5870 | 14358 | 
5873 | 14360 | 
5874 | 14360 | 
30118 | 22552 | 
30119 | 22552 | 
5903 | 14364 | 
5904 | 14364 | 
5931 | 14370 | 
5932 | 14370 | 
5933 | 14371 | 
5934 | 14371 | 
30160 | 22564 | 
30161 | 22564 | 
30162 | 22564 | 
30163 | 22565 | 
30164 | 22565 | 
30165 | 22566 | 
30166 | 22566 | 
30183 | 22572 | 
30184 | 22572 | 
30185 | 22572 | 
30186 | 22572 | 
30214 | 22581 | 
30219 | 22583 | 
30220 | 22583 | 
6005 | 14400 | 
6006 | 14400 | 
30251 | 22596 | 
30252 | 22596 | 
30253 | 22597 | 
30254 | 22597 | 
6049 | 14410 | 
6050 | 14410 | 
30273 | 22602 | 
30274 | 22602 | 
6073 | 14415 | 
6074 | 14415 | 
6075 | 14415 | 
6076 | 14415 | 
6089 | 14419 | 
6090 | 14419 | 
6091 | 14420 | 
6092 | 14420 | 
6093 | 14421 | 
6094 | 14421 | 
6095 | 14422 | 
6096 | 14422 | 
30319 | 22612 | 
30320 | 22612 | 
6101 | 14424 | 
6102 | 14424 | 
30345 | 22617 | 
30346 | 22617 | 
6107 | 14426 | 
6108 | 14426 | 
30351 | 22620 | 
30352 | 22620 | 
6123 | 14429 | 
6124 | 14429 | 
6127 | 14431 | 
6128 | 14431 | 
6137 | 14434 | 
6138 | 14434 | 
30389 | 22627 | 
30390 | 22627 | 
6141 | 14436 | 
6142 | 14436 | 
6143 | 14436 | 
6144 | 14436 | 
6145 | 14436 | 
6146 | 14436 | 
6147 | 14436 | 
6148 | 14436 | 
6149 | 14436 | 
6150 | 14436 | 
6151 | 14436 | 
6152 | 14436 | 
6153 | 14436 | 
6154 | 14436 | 
6155 | 14436 | 
6156 | 14436 | 
30391 | 22628 | 
30392 | 22628 | 
6159 | 14438 | 
6160 | 14438 | 
6161 | 14439 | 
6162 | 14439 | 
6171 | 14441 | 
6172 | 14441 | 
30429 | 22638 | 
30430 | 22638 | 
30431 | 22639 | 
30432 | 22639 | 
6210 | 14449 | 
6211 | 14449 | 
30441 | 22641 | 
30442 | 22641 | 
30455 | 22646 | 
30456 | 22646 | 
6234 | 14455 | 
6235 | 14455 | 
6236 | 14456 | 
6237 | 14456 | 
30457 | 22647 | 
30458 | 22647 | 
6240 | 14458 | 
6241 | 14458 | 
30477 | 22650 | 
30478 | 22650 | 
30483 | 22652 | 
30484 | 22652 | 
6246 | 14461 | 
6247 | 14461 | 
6248 | 14462 | 
6249 | 14462 | 
6250 | 14463 | 
6251 | 14463 | 
30489 | 22654 | 
30490 | 22654 | 
6268 | 14466 | 
6269 | 14466 | 
6270 | 14467 | 
6271 | 14467 | 
30499 | 22658 | 
30500 | 22658 | 
6280 | 14469 | 
6281 | 14469 | 
6282 | 14470 | 
6283 | 14470 | 
30531 | 22666 | 
30532 | 22666 | 
6312 | 14475 | 
6313 | 14475 | 
6314 | 14475 | 
6315 | 14475 | 
6316 | 14475 | 
6317 | 14475 | 
6318 | 14475 | 
6319 | 14475 | 
30549 | 22670 | 
30550 | 22670 | 
6356 | 14480 | 
6357 | 14480 | 
61966 | 30879 | 
61967 | 30879 | 
61968 | 30879 | 
61969 | 30879 | 
30631 | 22691 | 
30632 | 22691 | 
30635 | 22693 | 
30636 | 22693 | 
30637 | 22694 | 
30638 | 22694 | 
6406 | 14503 | 
6407 | 14503 | 
30641 | 22696 | 
30642 | 22696 | 
30643 | 22696 | 
30644 | 22696 | 
30645 | 22696 | 
30646 | 22697 | 
30647 | 22697 | 
30648 | 22698 | 
30649 | 22698 | 
30674 | 22705 | 
30675 | 22705 | 
30680 | 22707 | 
30681 | 22707 | 
30686 | 22709 | 
30687 | 22709 | 
30688 | 22709 | 
30689 | 22709 | 
30690 | 22709 | 
30691 | 22709 | 
6454 | 14522 | 
6455 | 14522 | 
30706 | 22716 | 
30707 | 22716 | 
30712 | 22719 | 
30713 | 22719 | 
30736 | 22725 | 
30737 | 22725 | 
6479 | 14535 | 
6480 | 14535 | 
6481 | 14535 | 
6482 | 14535 | 
6483 | 14536 | 
6484 | 14536 | 
6485 | 14536 | 
6486 | 14536 | 
6487 | 14537 | 
6488 | 14537 | 
30754 | 22729 | 
30755 | 22729 | 
30764 | 22733 | 
30765 | 22733 | 
62160 | 30925 | 
62161 | 30925 | 
62162 | 30925 | 
62169 | 30928 | 
62170 | 30928 | 
62171 | 30928 | 
62172 | 30928 | 
62173 | 30928 | 
62174 | 30928 | 
62175 | 30928 | 
62176 | 30928 | 
62177 | 30928 | 
62178 | 30928 | 
62179 | 30928 | 
62180 | 30928 | 
62181 | 30928 | 
62182 | 30928 | 
62183 | 30928 | 
62184 | 30928 | 
62185 | 30928 | 
62186 | 30928 | 
62187 | 30928 | 
62188 | 30928 | 
62189 | 30928 | 
62190 | 30928 | 
62191 | 30928 | 
62192 | 30929 | 
62193 | 30929 | 
62194 | 30929 | 
62195 | 30929 | 
30778 | 22738 | 
30779 | 22738 | 
62229 | 30939 | 
62230 | 30939 | 
62231 | 30939 | 
62232 | 30939 | 
62233 | 30940 | 
62234 | 30940 | 
62235 | 30940 | 
62236 | 30940 | 
62237 | 30941 | 
62238 | 30941 | 
62239 | 30941 | 
62240 | 30941 | 
62241 | 30942 | 
62242 | 30942 | 
62243 | 30942 | 
62244 | 30942 | 
62245 | 30943 | 
62246 | 30943 | 
62247 | 30943 | 
62248 | 30943 | 
30834 | 22753 | 
30835 | 22753 | 
30842 | 22756 | 
30843 | 22756 | 
62305 | 30949 | 
30858 | 22762 | 
30859 | 22762 | 
30860 | 22763 | 
30861 | 22763 | 
62318 | 30954 | 
62319 | 30954 | 
62320 | 30954 | 
62325 | 30957 | 
62326 | 30957 | 
62327 | 30957 | 
62328 | 30957 | 
62368 | 30963 | 
62369 | 30963 | 
62379 | 30967 | 
62380 | 30967 | 
62381 | 30967 | 
62382 | 30968 | 
62383 | 30968 | 
62384 | 30968 | 
30920 | 22777 | 
30921 | 22777 | 
30974 | 22783 | 
30975 | 22783 | 
62414 | 30981 | 
62415 | 30981 | 
62416 | 30981 | 
62417 | 30981 | 
62418 | 30981 | 
62419 | 30981 | 
62438 | 30984 | 
62439 | 30984 | 
62440 | 30984 | 
62441 | 30984 | 
62442 | 30985 | 
62443 | 30985 | 
62444 | 30985 | 
62445 | 30986 | 
62446 | 30986 | 
62447 | 30987 | 
62448 | 30987 | 
31012 | 22796 | 
31013 | 22796 | 
31014 | 22797 | 
31015 | 22797 | 
62449 | 30988 | 
62450 | 30988 | 
62451 | 30989 | 
62452 | 30989 | 
62453 | 30990 | 
62454 | 30990 | 
62455 | 30991 | 
62456 | 30991 | 
62457 | 30992 | 
62458 | 30992 | 
62459 | 30992 | 
62460 | 30992 | 
62472 | 30996 | 
62473 | 30996 | 
62474 | 30996 | 
62478 | 30998 | 
62479 | 30998 | 
62480 | 30998 | 
62481 | 30998 | 
62482 | 30998 | 
62483 | 30998 | 
62491 | 31000 | 
62493 | 31002 | 
6761 | 14619 | 
6762 | 14619 | 
31064 | 22811 | 
31065 | 22811 | 
62494 | 31003 | 
62495 | 31003 | 
31074 | 22814 | 
31075 | 22814 | 
62502 | 31007 | 
62503 | 31007 | 
62504 | 31008 | 
62505 | 31008 | 
62506 | 31008 | 
62507 | 31008 | 
62508 | 31008 | 
62509 | 31008 | 
62510 | 31008 | 
62511 | 31008 | 
62512 | 31008 | 
62513 | 31008 | 
62514 | 31008 | 
62515 | 31008 | 
62516 | 31008 | 
62517 | 31008 | 
31094 | 22820 | 
31095 | 22820 | 
31096 | 22820 | 
31097 | 22820 | 
31098 | 22820 | 
31099 | 22820 | 
31100 | 22820 | 
31101 | 22820 | 
31104 | 22822 | 
31105 | 22822 | 
62565 | 31019 | 
62566 | 31019 | 
62567 | 31019 | 
62572 | 31021 | 
62573 | 31021 | 
62574 | 31021 | 
62575 | 31021 | 
62576 | 31021 | 
62577 | 31021 | 
62578 | 31021 | 
62579 | 31021 | 
62580 | 31021 | 
62581 | 31021 | 
62582 | 31021 | 
62583 | 31021 | 
62584 | 31021 | 
62585 | 31021 | 
6835 | 14641 | 
6836 | 14641 | 
31136 | 22833 | 
31137 | 22833 | 
62616 | 31027 | 
62617 | 31027 | 
62618 | 31027 | 
62628 | 31029 | 
62629 | 31029 | 
62630 | 31029 | 
62631 | 31029 | 
6848 | 14647 | 
6849 | 14647 | 
31168 | 22841 | 
31169 | 22841 | 
31170 | 22842 | 
31171 | 22842 | 
31198 | 22849 | 
31199 | 22849 | 
31210 | 22854 | 
31211 | 22854 | 
31212 | 22855 | 
31213 | 22855 | 
31244 | 22862 | 
31245 | 22862 | 
31246 | 22863 | 
31247 | 22863 | 
31248 | 22863 | 
31249 | 22863 | 
31315 | 22879 | 
31316 | 22879 | 
31339 | 22888 | 
31340 | 22888 | 
6995 | 14699 | 
6996 | 14699 | 
31349 | 22892 | 
31350 | 22892 | 
7045 | 14715 | 
7046 | 14715 | 
7047 | 14716 | 
7048 | 14716 | 
7049 | 14717 | 
7050 | 14717 | 
31397 | 22907 | 
31398 | 22907 | 
31403 | 22909 | 
31404 | 22909 | 
31407 | 22911 | 
31408 | 22911 | 
31435 | 22919 | 
31436 | 22919 | 
7091 | 14734 | 
7092 | 14734 | 
31479 | 22931 | 
31480 | 22931 | 
7111 | 14740 | 
7112 | 14740 | 
31505 | 22940 | 
31506 | 22940 | 
7141 | 14751 | 
7142 | 14751 | 
31525 | 22946 | 
31526 | 22946 | 
31527 | 22947 | 
31528 | 22947 | 
31529 | 22948 | 
31530 | 22948 | 
31548 | 22953 | 
31549 | 22953 | 
31550 | 22954 | 
31551 | 22954 | 
7185 | 14768 | 
7186 | 14768 | 
31600 | 22961 | 
31601 | 22961 | 
7213 | 14777 | 
7214 | 14777 | 
7215 | 14778 | 
7216 | 14778 | 
31638 | 22972 | 
31639 | 22972 | 
31640 | 22973 | 
31641 | 22973 | 
31646 | 22975 | 
31647 | 22975 | 
7235 | 14784 | 
7236 | 14784 | 
7237 | 14785 | 
7238 | 14785 | 
7241 | 14787 | 
7242 | 14787 | 
31662 | 22981 | 
31663 | 22981 | 
31666 | 22983 | 
31667 | 22983 | 
31688 | 22987 | 
31689 | 22987 | 
31696 | 22991 | 
31697 | 22991 | 
31698 | 22991 | 
31699 | 22991 | 
31700 | 22992 | 
31701 | 22992 | 
31702 | 22993 | 
31703 | 22993 | 
31704 | 22994 | 
31705 | 22994 | 
31706 | 22995 | 
31707 | 22995 | 
31708 | 22996 | 
31709 | 22996 | 
31723 | 23001 | 
31724 | 23001 | 
31722 | 23002 | 
31725 | 23002 | 
31760 | 23011 | 
31761 | 23011 | 
31838 | 23028 | 
31839 | 23028 | 
31850 | 23032 | 
31851 | 23032 | 
7375 | 14844 | 
7376 | 14844 | 
31872 | 23037 | 
31873 | 23037 | 
31884 | 23042 | 
31885 | 23042 | 
31886 | 23043 | 
31887 | 23043 | 
31896 | 23047 | 
31897 | 23047 | 
31900 | 23049 | 
31901 | 23049 | 
7439 | 14868 | 
7440 | 14868 | 
32044 | 23072 | 
32045 | 23072 | 
63233 | 31264 | 
63234 | 31264 | 
7479 | 14883 | 
7480 | 14883 | 
7491 | 14888 | 
7492 | 14888 | 
7493 | 14889 | 
7494 | 14889 | 
7495 | 14890 | 
7496 | 14890 | 
63266 | 31276 | 
63267 | 31276 | 
63268 | 31276 | 
63269 | 31276 | 
63270 | 31276 | 
63271 | 31276 | 
63272 | 31276 | 
63273 | 31276 | 
63274 | 31276 | 
63275 | 31276 | 
63276 | 31276 | 
7501 | 14893 | 
7502 | 14893 | 
32096 | 23088 | 
32097 | 23088 | 
32116 | 23093 | 
32117 | 23093 | 
32172 | 23100 | 
32173 | 23100 | 
32180 | 23104 | 
32181 | 23104 | 
63327 | 31299 | 
63328 | 31299 | 
32198 | 23111 | 
32199 | 23111 | 
7587 | 14931 | 
7588 | 14931 | 
32240 | 23124 | 
32241 | 23124 | 
7601 | 14935 | 
7602 | 14935 | 
32248 | 23127 | 
32249 | 23127 | 
32250 | 23127 | 
32251 | 23127 | 
32256 | 23130 | 
32257 | 23130 | 
32262 | 23133 | 
32263 | 23133 | 
7617 | 14943 | 
7618 | 14943 | 
7619 | 14944 | 
7620 | 14944 | 
32288 | 23142 | 
32289 | 23142 | 
32303 | 23148 | 
32304 | 23148 | 
32305 | 23149 | 
32306 | 23149 | 
7683 | 14964 | 
7684 | 14964 | 
7685 | 14965 | 
7686 | 14965 | 
7711 | 14973 | 
7712 | 14973 | 
32362 | 23165 | 
32363 | 23165 | 
32368 | 23168 | 
32369 | 23168 | 
32370 | 23169 | 
32371 | 23169 | 
32418 | 23178 | 
32419 | 23178 | 
7745 | 14990 | 
7746 | 14990 | 
32438 | 23184 | 
32439 | 23184 | 
32440 | 23184 | 
32441 | 23184 | 
32464 | 23190 | 
32465 | 23190 | 
7803 | 15002 | 
7804 | 15002 | 
32484 | 23196 | 
32485 | 23196 | 
32486 | 23196 | 
32494 | 23199 | 
32495 | 23199 | 
7825 | 15009 | 
7826 | 15009 | 
7827 | 15010 | 
7828 | 15010 | 
32506 | 23203 | 
32507 | 23203 | 
32508 | 23203 | 
32509 | 23203 | 
32510 | 23204 | 
32511 | 23204 | 
32538 | 23213 | 
32539 | 23213 | 
7873 | 15022 | 
7874 | 15022 | 
32570 | 23220 | 
32571 | 23220 | 
32590 | 23227 | 
32591 | 23227 | 
32592 | 23228 | 
32593 | 23228 | 
7941 | 15049 | 
7942 | 15049 | 
7943 | 15050 | 
7944 | 15050 | 
32648 | 23247 | 
32649 | 23247 | 
32656 | 23249 | 
32657 | 23249 | 
32676 | 23255 | 
32677 | 23255 | 
32684 | 23258 | 
32685 | 23258 | 
32714 | 23264 | 
32715 | 23264 | 
32744 | 23273 | 
32745 | 23273 | 
32746 | 23274 | 
32747 | 23274 | 
32748 | 23275 | 
32749 | 23275 | 
32750 | 23276 | 
32751 | 23276 | 
8019 | 15085 | 
8020 | 15085 | 
32760 | 23278 | 
32761 | 23278 | 
8047 | 15092 | 
8048 | 15092 | 
8067 | 15098 | 
8068 | 15098 | 
32838 | 23293 | 
32839 | 23293 | 
32840 | 23294 | 
32841 | 23294 | 
32842 | 23295 | 
32843 | 23295 | 
32846 | 23297 | 
32847 | 23297 | 
8085 | 15106 | 
8086 | 15106 | 
32876 | 23299 | 
32877 | 23299 | 
8095 | 15110 | 
8096 | 15110 | 
8103 | 15113 | 
8104 | 15113 | 
8123 | 15117 | 
8124 | 15117 | 
8137 | 15123 | 
8138 | 15123 | 
8167 | 15128 | 
8168 | 15128 | 
32965 | 23321 | 
32966 | 23321 | 
32981 | 23326 | 
32982 | 23326 | 
32987 | 23328 | 
32988 | 23328 | 
32991 | 23330 | 
32992 | 23330 | 
8193 | 15138 | 
8194 | 15138 | 
8205 | 15141 | 
8206 | 15141 | 
8207 | 15142 | 
8208 | 15142 | 
33029 | 23335 | 
33030 | 23335 | 
8211 | 15144 | 
8212 | 15144 | 
33035 | 23337 | 
33036 | 23337 | 
33047 | 23341 | 
33048 | 23341 | 
33049 | 23341 | 
33050 | 23341 | 
33057 | 23345 | 
33058 | 23345 | 
33059 | 23345 | 
33060 | 23345 | 
33061 | 23345 | 
33062 | 23345 | 
33063 | 23345 | 
33064 | 23345 | 
8235 | 15154 | 
8236 | 15154 | 
33089 | 23352 | 
33090 | 23352 | 
33091 | 23352 | 
33092 | 23352 | 
33093 | 23352 | 
33094 | 23352 | 
33095 | 23352 | 
33096 | 23352 | 
33097 | 23352 | 
33098 | 23352 | 
33099 | 23352 | 
33100 | 23352 | 
8273 | 15167 | 
8274 | 15167 | 
33183 | 23364 | 
33184 | 23364 | 
8295 | 15174 | 
8296 | 15174 | 
8301 | 15177 | 
8302 | 15177 | 
33217 | 23373 | 
33218 | 23373 | 
64139 | 31569 | 
64140 | 31569 | 
64141 | 31569 | 
64142 | 31569 | 
64143 | 31569 | 
64144 | 31569 | 
64145 | 31569 | 
8359 | 15192 | 
8360 | 15192 | 
33268 | 23384 | 
33269 | 23384 | 
33331 | 23396 | 
33332 | 23396 | 
33333 | 23397 | 
33334 | 23397 | 
64239 | 31589 | 
64240 | 31589 | 
64241 | 31589 | 
33368 | 23406 | 
33369 | 23406 | 
33374 | 23409 | 
33375 | 23409 | 
8423 | 15219 | 
8424 | 15219 | 
33403 | 23417 | 
33404 | 23417 | 
33421 | 23425 | 
33422 | 23425 | 
33423 | 23426 | 
33424 | 23426 | 
33433 | 23428 | 
33434 | 23428 | 
8471 | 15238 | 
8472 | 15238 | 
33437 | 23430 | 
33438 | 23430 | 
33439 | 23431 | 
33440 | 23431 | 
33452 | 23435 | 
33453 | 23435 | 
33454 | 23435 | 
33455 | 23435 | 
8485 | 15244 | 
8486 | 15244 | 
33464 | 23437 | 
33465 | 23437 | 
33468 | 23439 | 
33469 | 23439 | 
33474 | 23441 | 
33475 | 23441 | 
33476 | 23442 | 
33477 | 23442 | 
33486 | 23444 | 
33487 | 23444 | 
33488 | 23444 | 
33489 | 23445 | 
33490 | 23445 | 
33497 | 23448 | 
33498 | 23448 | 
8551 | 15263 | 
8552 | 15263 | 
8553 | 15263 | 
8554 | 15263 | 
8555 | 15263 | 
8556 | 15263 | 
8557 | 15263 | 
8558 | 15263 | 
8559 | 15263 | 
8560 | 15263 | 
8561 | 15263 | 
8562 | 15263 | 
8563 | 15263 | 
8564 | 15263 | 
8565 | 15263 | 
8566 | 15263 | 
8567 | 15263 | 
8568 | 15263 | 
8569 | 15263 | 
8570 | 15263 | 
8571 | 15263 | 
8572 | 15263 | 
8573 | 15263 | 
8574 | 15263 | 
8575 | 15263 | 
8576 | 15263 | 
8577 | 15263 | 
8578 | 15263 | 
8579 | 15263 | 
8580 | 15263 | 
8581 | 15263 | 
8582 | 15263 | 
8583 | 15263 | 
8584 | 15263 | 
8585 | 15263 | 
8586 | 15263 | 
8609 | 15275 | 
8610 | 15275 | 
8611 | 15276 | 
8612 | 15276 | 
33571 | 23467 | 
33572 | 23467 | 
8615 | 15278 | 
8616 | 15278 | 
8617 | 15279 | 
8618 | 15279 | 
8619 | 15280 | 
8620 | 15280 | 
8621 | 15281 | 
8622 | 15281 | 
8649 | 15287 | 
8650 | 15287 | 
33631 | 23480 | 
33632 | 23480 | 
8657 | 15290 | 
8658 | 15290 | 
33649 | 23483 | 
33650 | 23483 | 
33651 | 23484 | 
33652 | 23484 | 
33653 | 23485 | 
33654 | 23485 | 
33655 | 23486 | 
33656 | 23486 | 
33657 | 23486 | 
33658 | 23486 | 
33665 | 23489 | 
33666 | 23489 | 
8675 | 15299 | 
8676 | 15299 | 
8677 | 15300 | 
8678 | 15300 | 
8679 | 15301 | 
8680 | 15301 | 
8681 | 15302 | 
8682 | 15302 | 
33681 | 23494 | 
33682 | 23494 | 
8687 | 15304 | 
8688 | 15304 | 
64703 | 31689 | 
64704 | 31689 | 
64705 | 31689 | 
64706 | 31689 | 
64707 | 31689 | 
64708 | 31689 | 
33697 | 23498 | 
33698 | 23498 | 
8701 | 15307 | 
8702 | 15307 | 
33699 | 23499 | 
33700 | 23499 | 
33719 | 23502 | 
33720 | 23502 | 
8719 | 15312 | 
8720 | 15312 | 
8721 | 15313 | 
8722 | 15313 | 
33733 | 23507 | 
33734 | 23507 | 
8735 | 15316 | 
8736 | 15316 | 
33735 | 23508 | 
33736 | 23508 | 
33737 | 23509 | 
33738 | 23509 | 
33739 | 23509 | 
33740 | 23509 | 
33745 | 23512 | 
33746 | 23512 | 
33747 | 23513 | 
33748 | 23513 | 
33753 | 23515 | 
33754 | 23515 | 
33775 | 23523 | 
33776 | 23523 | 
33781 | 23525 | 
33782 | 23525 | 
33785 | 23527 | 
33786 | 23527 | 
8829 | 15342 | 
8830 | 15342 | 
8833 | 15344 | 
8834 | 15344 | 
33861 | 23539 | 
33862 | 23539 | 
8867 | 15358 | 
8868 | 15358 | 
33903 | 23551 | 
33904 | 23551 | 
33901 | 23550 | 
33902 | 23550 | 
33909 | 23553 | 
33910 | 23553 | 
8875 | 15362 | 
8876 | 15362 | 
8877 | 15363 | 
8878 | 15363 | 
33915 | 23555 | 
33916 | 23555 | 
8881 | 15365 | 
8882 | 15365 | 
64943 | 31749 | 
33937 | 23561 | 
33938 | 23561 | 
33943 | 23564 | 
33944 | 23564 | 
64966 | 31758 | 
64967 | 31758 | 
64968 | 31758 | 
64969 | 31758 | 
64970 | 31758 | 
8905 | 15376 | 
8906 | 15376 | 
33955 | 23568 | 
33956 | 23568 | 
8917 | 15381 | 
8918 | 15381 | 
8919 | 15382 | 
8920 | 15382 | 
8935 | 15388 | 
8936 | 15388 | 
34014 | 23583 | 
34015 | 23583 | 
34058 | 23593 | 
34059 | 23593 | 
34082 | 23601 | 
34083 | 23601 | 
9013 | 15412 | 
9014 | 15412 | 
9017 | 15414 | 
9018 | 15414 | 
34098 | 23607 | 
34099 | 23607 | 
34126 | 23617 | 
34127 | 23617 | 
9057 | 15430 | 
9058 | 15430 | 
34140 | 23622 | 
34141 | 23622 | 
65230 | 31819 | 
65231 | 31819 | 
9073 | 15436 | 
9074 | 15436 | 
34164 | 23631 | 
34165 | 23631 | 
34214 | 23642 | 
34215 | 23642 | 
34234 | 23649 | 
34235 | 23649 | 
34244 | 23652 | 
34245 | 23652 | 
34300 | 23661 | 
34301 | 23661 | 
9189 | 15469 | 
9190 | 15469 | 
9195 | 15471 | 
9196 | 15471 | 
9197 | 15472 | 
9198 | 15472 | 
34312 | 23664 | 
34313 | 23664 | 
9209 | 15478 | 
9210 | 15478 | 
34328 | 23670 | 
34329 | 23670 | 
34332 | 23672 | 
34333 | 23672 | 
34334 | 23673 | 
34335 | 23673 | 
34342 | 23676 | 
34343 | 23676 | 
34392 | 23684 | 
34393 | 23684 | 
9253 | 15493 | 
9254 | 15493 | 
9261 | 15496 | 
9262 | 15496 | 
34410 | 23691 | 
34411 | 23691 | 
34418 | 23694 | 
34419 | 23694 | 
34420 | 23694 | 
34421 | 23694 | 
9313 | 15509 | 
9314 | 15509 | 
9315 | 15510 | 
9316 | 15510 | 
34456 | 23703 | 
34457 | 23703 | 
65418 | 31893 | 
34470 | 23709 | 
34471 | 23709 | 
34480 | 23711 | 
34481 | 23711 | 
34494 | 23717 | 
34495 | 23717 | 
34498 | 23719 | 
34499 | 23719 | 
9383 | 15531 | 
9384 | 15531 | 
9385 | 15532 | 
9386 | 15532 | 
9387 | 15533 | 
9388 | 15533 | 
9389 | 15534 | 
9390 | 15534 | 
9391 | 15535 | 
9392 | 15535 | 
34522 | 23727 | 
34523 | 23727 | 
34550 | 23732 | 
34551 | 23732 | 
34560 | 23736 | 
34561 | 23736 | 
65507 | 31938 | 
9455 | 15558 | 
9456 | 15558 | 
34665 | 23756 | 
34666 | 23756 | 
34671 | 23758 | 
34672 | 23758 | 
34673 | 23758 | 
65548 | 31950 | 
9499 | 15572 | 
9500 | 15572 | 
34693 | 23764 | 
34694 | 23764 | 
34695 | 23764 | 
34696 | 23764 | 
34697 | 23764 | 
34698 | 23764 | 
34699 | 23764 | 
34700 | 23764 | 
34707 | 23767 | 
34708 | 23767 | 
34727 | 23773 | 
34728 | 23773 | 
34729 | 23773 | 
34730 | 23773 | 
34731 | 23773 | 
34732 | 23773 | 
34733 | 23773 | 
34734 | 23773 | 
34735 | 23774 | 
34736 | 23774 | 
65587 | 31965 | 
65588 | 31965 | 
65589 | 31965 | 
65590 | 31965 | 
65591 | 31965 | 
65592 | 31965 | 
65593 | 31965 | 
65594 | 31965 | 
65595 | 31965 | 
65596 | 31965 | 
65597 | 31965 | 
34763 | 23779 | 
34764 | 23779 | 
34769 | 23782 | 
34770 | 23782 | 
34771 | 23783 | 
34772 | 23783 | 
65650 | 31978 | 
65651 | 31978 | 
65652 | 31978 | 
65653 | 31978 | 
65654 | 31978 | 
65655 | 31978 | 
65656 | 31978 | 
65657 | 31978 | 
65658 | 31978 | 
9611 | 15610 | 
9612 | 15610 | 
9625 | 15615 | 
9626 | 15615 | 
9627 | 15616 | 
9628 | 15616 | 
34873 | 23807 | 
34874 | 23807 | 
34875 | 23807 | 
34876 | 23807 | 
34877 | 23807 | 
34878 | 23807 | 
34879 | 23807 | 
34880 | 23807 | 
9639 | 15620 | 
9640 | 15620 | 
9663 | 15631 | 
9664 | 15631 | 
34929 | 23823 | 
34930 | 23823 | 
34931 | 23823 | 
34932 | 23823 | 
34933 | 23823 | 
34934 | 23823 | 
34935 | 23823 | 
34936 | 23823 | 
34945 | 23827 | 
34946 | 23827 | 
9695 | 15636 | 
9696 | 15636 | 
9741 | 15640 | 
9742 | 15640 | 
65813 | 32026 | 
65814 | 32026 | 
34977 | 23836 | 
34978 | 23836 | 
34983 | 23838 | 
34984 | 23838 | 
35004 | 23844 | 
35005 | 23844 | 
35016 | 23847 | 
35017 | 23847 | 
35028 | 23850 | 
35029 | 23850 | 
35030 | 23851 | 
35031 | 23851 | 
35038 | 23855 | 
35039 | 23855 | 
35070 | 23863 | 
35071 | 23863 | 
35072 | 23864 | 
35073 | 23864 | 
35078 | 23867 | 
35079 | 23867 | 
35082 | 23869 | 
35083 | 23869 | 
35108 | 23874 | 
35109 | 23874 | 
35122 | 23878 | 
35123 | 23878 | 
35124 | 23878 | 
35125 | 23878 | 
35126 | 23879 | 
35127 | 23879 | 
66005 | 32071 | 
66006 | 32071 | 
66007 | 32071 | 
66008 | 32071 | 
66009 | 32071 | 
66010 | 32071 | 
66011 | 32071 | 
66012 | 32071 | 
35150 | 23889 | 
35151 | 23889 | 
35158 | 23893 | 
35159 | 23893 | 
9905 | 15702 | 
9906 | 15702 | 
9907 | 15703 | 
9908 | 15703 | 
35168 | 23897 | 
35169 | 23897 | 
35180 | 23901 | 
35181 | 23901 | 
9956 | 15714 | 
9957 | 15714 | 
35210 | 23907 | 
35211 | 23907 | 
35212 | 23907 | 
35213 | 23907 | 
35214 | 23907 | 
35215 | 23907 | 
35216 | 23907 | 
35217 | 23907 | 
9964 | 15717 | 
9965 | 15717 | 
35280 | 23926 | 
35281 | 23926 | 
35282 | 23926 | 
10017 | 15735 | 
10018 | 15735 | 
35283 | 23927 | 
35284 | 23927 | 
35287 | 23929 | 
35288 | 23929 | 
35289 | 23929 | 
35290 | 23929 | 
35291 | 23929 | 
35292 | 23929 | 
35293 | 23929 | 
35294 | 23929 | 
35295 | 23929 | 
35296 | 23929 | 
35297 | 23930 | 
35298 | 23930 | 
10029 | 15739 | 
10030 | 15739 | 
35299 | 23931 | 
35300 | 23931 | 
10037 | 15742 | 
10038 | 15742 | 
10047 | 15746 | 
10048 | 15746 | 
35335 | 23939 | 
35336 | 23939 | 
35337 | 23940 | 
35338 | 23940 | 
10063 | 15751 | 
10064 | 15751 | 
35399 | 23957 | 
35400 | 23957 | 
35421 | 23962 | 
35422 | 23962 | 
35423 | 23963 | 
35424 | 23963 | 
35425 | 23964 | 
35426 | 23964 | 
35429 | 23966 | 
35430 | 23966 | 
66374 | 32159 | 
66375 | 32159 | 
66376 | 32159 | 
66377 | 32159 | 
66378 | 32159 | 
66379 | 32159 | 
66380 | 32159 | 
66381 | 32159 | 
66382 | 32159 | 
35433 | 23968 | 
35434 | 23968 | 
10153 | 15786 | 
10154 | 15786 | 
35474 | 23979 | 
35475 | 23979 | 
35476 | 23979 | 
35477 | 23979 | 
35478 | 23979 | 
35479 | 23979 | 
35480 | 23979 | 
35481 | 23979 | 
10161 | 15789 | 
10162 | 15789 | 
10166 | 15791 | 
10167 | 15791 | 
35499 | 23983 | 
35500 | 23983 | 
10176 | 15796 | 
10177 | 15796 | 
35523 | 23988 | 
35524 | 23988 | 
35527 | 23990 | 
35528 | 23990 | 
35533 | 23992 | 
35534 | 23992 | 
35539 | 23994 | 
35540 | 23994 | 
35569 | 24001 | 
35570 | 24001 | 
10230 | 15813 | 
10231 | 15813 | 
10232 | 15814 | 
10233 | 15814 | 
35589 | 24006 | 
35590 | 24006 | 
35591 | 24007 | 
35592 | 24007 | 
35629 | 24018 | 
35630 | 24018 | 
35643 | 24023 | 
35644 | 24023 | 
35659 | 24028 | 
35660 | 24028 | 
66566 | 32224 | 
66567 | 32224 | 
66568 | 32224 | 
66569 | 32224 | 
66570 | 32224 | 
66571 | 32224 | 
66572 | 32224 | 
66573 | 32224 | 
35701 | 24034 | 
35702 | 24034 | 
35703 | 24035 | 
35704 | 24035 | 
35705 | 24036 | 
35706 | 24036 | 
35707 | 24036 | 
35708 | 24036 | 
35709 | 24036 | 
35710 | 24036 | 
35711 | 24036 | 
35712 | 24036 | 
35713 | 24036 | 
35714 | 24036 | 
35715 | 24036 | 
35716 | 24036 | 
35717 | 24036 | 
35718 | 24036 | 
35719 | 24037 | 
35720 | 24037 | 
35747 | 24041 | 
35748 | 24041 | 
35753 | 24043 | 
35754 | 24043 | 
35755 | 24044 | 
35756 | 24044 | 
35771 | 24050 | 
35772 | 24050 | 
35773 | 24050 | 
35774 | 24050 | 
35826 | 24061 | 
35827 | 24061 | 
10439 | 15879 | 
10440 | 15879 | 
35888 | 24075 | 
35889 | 24075 | 
66704 | 32267 | 
66705 | 32267 | 
35906 | 24080 | 
35907 | 24080 | 
35912 | 24082 | 
35913 | 24082 | 
10471 | 15893 | 
10472 | 15893 | 
10473 | 15893 | 
10474 | 15893 | 
35960 | 24094 | 
35961 | 24094 | 
35966 | 24096 | 
35967 | 24096 | 
35976 | 24099 | 
35977 | 24099 | 
35978 | 24100 | 
35979 | 24100 | 
10521 | 15911 | 
10522 | 15911 | 
10523 | 15911 | 
10524 | 15911 | 
10531 | 15915 | 
10532 | 15915 | 
10533 | 15916 | 
10534 | 15916 | 
36020 | 24109 | 
36021 | 24109 | 
36022 | 24109 | 
36023 | 24109 | 
36024 | 24109 | 
36025 | 24109 | 
36026 | 24109 | 
36027 | 24109 | 
36028 | 24109 | 
36029 | 24109 | 
36030 | 24109 | 
36031 | 24109 | 
10543 | 15920 | 
10544 | 15920 | 
10545 | 15920 | 
10546 | 15920 | 
10547 | 15920 | 
36053 | 24116 | 
36054 | 24116 | 
36075 | 24124 | 
36076 | 24124 | 
36091 | 24129 | 
36092 | 24129 | 
36093 | 24129 | 
36094 | 24130 | 
36095 | 24130 | 
36096 | 24130 | 
36097 | 24130 | 
36098 | 24130 | 
36099 | 24130 | 
36104 | 24133 | 
36105 | 24133 | 
36138 | 24144 | 
36139 | 24144 | 
36146 | 24148 | 
36147 | 24148 | 
10713 | 15961 | 
10714 | 15961 | 
10715 | 15962 | 
10716 | 15962 | 
36176 | 24153 | 
36177 | 24153 | 
36178 | 24154 | 
36179 | 24154 | 
10815 | 15992 | 
10816 | 15992 | 
36279 | 24186 | 
36280 | 24186 | 
10821 | 15995 | 
10822 | 15995 | 
36303 | 24192 | 
36304 | 24192 | 
10839 | 16001 | 
10840 | 16001 | 
10841 | 16002 | 
10842 | 16002 | 
10843 | 16003 | 
10844 | 16003 | 
36315 | 24196 | 
36316 | 24196 | 
10851 | 16006 | 
10852 | 16006 | 
10861 | 16008 | 
10862 | 16008 | 
10863 | 16009 | 
10864 | 16009 | 
36327 | 24201 | 
36328 | 24201 | 
36331 | 24203 | 
36332 | 24203 | 
10881 | 16017 | 
10882 | 16017 | 
36353 | 24213 | 
36354 | 24213 | 
36355 | 24213 | 
36356 | 24213 | 
36357 | 24213 | 
36358 | 24213 | 
36359 | 24213 | 
36360 | 24213 | 
36361 | 24213 | 
36362 | 24213 | 
10899 | 16024 | 
10900 | 16024 | 
36387 | 24218 | 
36388 | 24218 | 
36389 | 24218 | 
36390 | 24218 | 
36395 | 24221 | 
36396 | 24221 | 
36397 | 24222 | 
36400 | 24224 | 
36401 | 24224 | 
36435 | 24226 | 
36436 | 24226 | 
36441 | 24229 | 
36442 | 24229 | 
36449 | 24232 | 
36450 | 24232 | 
36453 | 24234 | 
36454 | 24234 | 
11009 | 16047 | 
11010 | 16047 | 
36465 | 24240 | 
36466 | 24240 | 
11033 | 16051 | 
11034 | 16051 | 
36481 | 24244 | 
36482 | 24244 | 
36483 | 24245 | 
36484 | 24245 | 
11041 | 16054 | 
11042 | 16054 | 
36493 | 24248 | 
36494 | 24248 | 
36495 | 24249 | 
36496 | 24249 | 
36497 | 24250 | 
36498 | 24250 | 
36499 | 24251 | 
36500 | 24251 | 
36501 | 24252 | 
36502 | 24252 | 
36503 | 24252 | 
36504 | 24252 | 
36545 | 24259 | 
36546 | 24259 | 
11083 | 16074 | 
11084 | 16074 | 
11097 | 16077 | 
11098 | 16077 | 
11114 | 16080 | 
11115 | 16080 | 
11124 | 16082 | 
11125 | 16082 | 
11126 | 16082 | 
11127 | 16082 | 
11128 | 16083 | 
11129 | 16083 | 
36599 | 24275 | 
36600 | 24275 | 
11134 | 16085 | 
11135 | 16085 | 
36601 | 24276 | 
36602 | 24276 | 
11139 | 16087 | 
11140 | 16087 | 
36603 | 24277 | 
36604 | 24277 | 
11145 | 16089 | 
11146 | 16089 | 
11147 | 16090 | 
11148 | 16090 | 
36619 | 24280 | 
36620 | 24280 | 
11163 | 16098 | 
11164 | 16098 | 
36772 | 24309 | 
36773 | 24309 | 
36774 | 24309 | 
36775 | 24309 | 
11225 | 16119 | 
11226 | 16119 | 
36788 | 24313 | 
36789 | 24313 | 
11237 | 16122 | 
11238 | 16122 | 
36830 | 24320 | 
36831 | 24320 | 
36859 | 24326 | 
36860 | 24326 | 
36861 | 24327 | 
36862 | 24327 | 
36885 | 24336 | 
36886 | 24336 | 
36887 | 24337 | 
36888 | 24337 | 
11297 | 16146 | 
11298 | 16146 | 
11299 | 16147 | 
11300 | 16147 | 
36903 | 24342 | 
36904 | 24342 | 
36905 | 24343 | 
36906 | 24343 | 
36907 | 24344 | 
36908 | 24344 | 
36909 | 24344 | 
36910 | 24344 | 
36911 | 24344 | 
36912 | 24344 | 
36913 | 24344 | 
36914 | 24344 | 
36945 | 24352 | 
36946 | 24352 | 
36947 | 24353 | 
36948 | 24353 | 
36997 | 24364 | 
36998 | 24364 | 
37013 | 24369 | 
37014 | 24369 | 
37079 | 24377 | 
11391 | 16186 | 
11392 | 16186 | 
11397 | 16188 | 
11398 | 16188 | 
67434 | 32573 | 
37097 | 24385 | 
37098 | 24385 | 
37099 | 24386 | 
37100 | 24386 | 
67468 | 32587 | 
37125 | 24396 | 
37126 | 24396 | 
37135 | 24400 | 
37136 | 24400 | 
37158 | 24407 | 
37159 | 24407 | 
37196 | 24419 | 
37197 | 24419 | 
37208 | 24422 | 
37209 | 24422 | 
37242 | 24431 | 
37243 | 24431 | 
37244 | 24432 | 
37245 | 24432 | 
37246 | 24433 | 
37247 | 24433 | 
37248 | 24434 | 
37249 | 24434 | 
11586 | 16245 | 
11587 | 16245 | 
37268 | 24437 | 
37269 | 24437 | 
37270 | 24437 | 
37271 | 24437 | 
37272 | 24437 | 
37273 | 24437 | 
37274 | 24437 | 
37275 | 24437 | 
37276 | 24437 | 
37277 | 24437 | 
37300 | 24444 | 
37301 | 24444 | 
37302 | 24445 | 
37303 | 24445 | 
37304 | 24446 | 
37305 | 24446 | 
37306 | 24446 | 
37307 | 24446 | 
37308 | 24446 | 
37309 | 24446 | 
37310 | 24446 | 
37311 | 24446 | 
37312 | 24446 | 
37313 | 24446 | 
37314 | 24446 | 
37315 | 24446 | 
37316 | 24446 | 
37317 | 24446 | 
37318 | 24446 | 
37319 | 24446 | 
37320 | 24446 | 
37321 | 24446 | 
37322 | 24446 | 
37323 | 24446 | 
37324 | 24447 | 
37325 | 24447 | 
11630 | 16256 | 
11631 | 16256 | 
11632 | 16257 | 
11633 | 16257 | 
37326 | 24448 | 
37327 | 24448 | 
37330 | 24450 | 
37331 | 24450 | 
37332 | 24451 | 
37333 | 24451 | 
11652 | 16261 | 
11653 | 16261 | 
67552 | 32638 | 
67553 | 32638 | 
67554 | 32639 | 
67555 | 32639 | 
11666 | 16266 | 
11667 | 16266 | 
11668 | 16267 | 
11669 | 16267 | 
11670 | 16268 | 
11671 | 16268 | 
11672 | 16269 | 
11673 | 16269 | 
11674 | 16270 | 
11675 | 16270 | 
11676 | 16271 | 
11677 | 16271 | 
11678 | 16271 | 
37364 | 24458 | 
37365 | 24458 | 
37434 | 24466 | 
37435 | 24466 | 
11687 | 16275 | 
11688 | 16275 | 
11703 | 16280 | 
11704 | 16280 | 
37462 | 24474 | 
37463 | 24474 | 
11735 | 16288 | 
11736 | 16289 | 
11737 | 16289 | 
11764 | 16295 | 
11765 | 16295 | 
11766 | 16296 | 
11767 | 16296 | 
67663 | 32686 | 
67664 | 32686 | 
67665 | 32686 | 
67666 | 32686 | 
11840 | 16312 | 
11841 | 16312 | 
37598 | 24505 | 
37599 | 24505 | 
11844 | 16314 | 
11845 | 16314 | 
37610 | 24509 | 
37611 | 24509 | 
37612 | 24509 | 
37613 | 24509 | 
11874 | 16318 | 
11875 | 16318 | 
37622 | 24513 | 
37623 | 24513 | 
37624 | 24513 | 
37625 | 24513 | 
37626 | 24514 | 
37627 | 24514 | 
11902 | 16324 | 
11903 | 16324 | 
11904 | 16325 | 
11905 | 16325 | 
37690 | 24532 | 
37691 | 24532 | 
37692 | 24533 | 
37693 | 24533 | 
37706 | 24537 | 
37707 | 24537 | 
37708 | 24538 | 
11976 | 16354 | 
11977 | 16354 | 
37748 | 24550 | 
37749 | 24550 | 
37750 | 24550 | 
37765 | 24554 | 
37766 | 24554 | 
12020 | 16364 | 
12021 | 16364 | 
37787 | 24560 | 
37788 | 24560 | 
12044 | 16369 | 
12045 | 16369 | 
12046 | 16369 | 
12047 | 16369 | 
37799 | 24564 | 
37800 | 24564 | 
12060 | 16373 | 
12061 | 16373 | 
12062 | 16374 | 
12063 | 16374 | 
12064 | 16375 | 
12065 | 16375 | 
12066 | 16376 | 
12067 | 16376 | 
37801 | 24565 | 
37802 | 24565 | 
37803 | 24565 | 
37804 | 24565 | 
12072 | 16378 | 
12073 | 16378 | 
37805 | 24566 | 
37806 | 24566 | 
12078 | 16380 | 
12079 | 16380 | 
12094 | 16383 | 
12095 | 16383 | 
